100.00000000 -0.28047884 0.00222692 0.00003046 -0.28273621
200.00000000 -0.40972292 0.01027134 0.00006608 -0.42006034
300.00000000 -0.51910099 0.02555377 0.00011238 -0.54476714
400.00000000 -0.61531468 0.04952902 0.00016622 -0.66500992
500.00000000 -0.67876947 0.08576459 0.00022185 -0.76475590
600.00000000 -0.72156699 0.12926042 0.00027161 -0.85109901
700.00000000 -0.74015054 0.17052597 0.00031176 -0.91098827
800.00000000 -0.74542110 0.20336117 0.00034069 -0.94912297
900.00000000 -0.75230839 0.22571936 0.00036020 -0.97838795
1000.00000000 -0.74566661 0.23764475 0.00036877 -0.98368013
1100.00000000 -0.75265697 0.24489367 0.00037643 -0.99792707
1200.00000000 -0.75055584 0.24750073 0.00037792 -0.99843448
1300.00000000 -0.75327725 0.24958250 0.00037642 -1.00323617
1400.00000000 -0.75178300 0.25006965 0.00037906 -1.00223172
1500.00000000 -0.74864882 0.24899429 0.00038028 -0.99802339
1600.00000000 -0.75089909 0.24964030 0.00037852 -1.00091791
1700.00000000 -0.74780858 0.24877129 0.00037832 -0.99695820
1800.00000000 -0.75060065 0.24968855 0.00037968 -1.00066888
1900.00000000 -0.75190880 0.25002262 0.00037778 -1.00230920
2000.00000000 -0.75086582 0.24983011 0.00037934 -1.00107527
2100.00000000 -0.74873836 0.24944444 0.00037816 -0.99856097
2200.00000000 -0.75438456 0.25092715 0.00037934 -1.00569105
2300.00000000 -0.74991575 0.24975413 0.00037947 -1.00004935
2400.00000000 -0.75112167 0.24989644 0.00037962 -1.00139773
2500.00000000 -0.74837110 0.24899702 0.00038020 -0.99774832
2600.00000000 -0.75182250 0.25144786 0.00037959 -1.00364995
2700.00000000 -0.75500509 0.25120616 0.00037852 -1.00658977
2800.00000000 -0.74865208 0.24921843 0.00037854 -0.99824905
2900.00000000 -0.74784765 0.24950038 0.00038008 -0.99772811
3000.00000000 -0.74943303 0.24922107 0.00037881 -0.99903291
3100.00000000 -0.74979980 0.24940073 0.00037943 -0.99957997
3200.00000000 -0.75343876 0.25101006 0.00037987 -1.00482869
3300.00000000 -0.75328707 0.25070298 0.00037957 -1.00436962
3400.00000000 -0.75354359 0.25072625 0.00037861 -1.00464845
3500.00000000 -0.74934110 0.24933277 0.00037907 -0.99905294
3600.00000000 -0.75398791 0.25075948 0.00037897 -1.00512636
3700.00000000 -0.75423875 0.25113758 0.00037969 -1.00575602
3800.00000000 -0.74754416 0.24866898 0.00037944 -0.99659258
3900.00000000 -0.74816155 0.24893108 0.00038079 -0.99747342
4000.00000000 -0.75621870 0.25155410 0.00037956 -1.00815237
4100.00000000 -0.75528621 0.25105834 0.00037981 -1.00672436
4200.00000000 -0.74922449 0.24924210 0.00037922 -0.99884582
4300.00000000 -0.75241680 0.25042039 0.00037872 -1.00321591
4400.00000000 -0.75492360 0.25156754 0.00037924 -1.00687039
4500.00000000 -0.75577055 0.25186956 0.00038017 -1.00802028
4600.00000000 -0.75364708 0.25057676 0.00038002 -1.00460386
4700.00000000 -0.75156872 0.25029105 0.00037993 -1.00223970
4800.00000000 -0.75475026 0.25121450 0.00037931 -1.00634408
4900.00000000 -0.75258529 0.25047985 0.00038025 -1.00344539
5000.00000000 -0.75114563 0.24980864 0.00038088 -1.00133514
5100.00000000 -0.74818027 0.24905223 0.00037980 -0.99761230
5200.00000000 -0.75491331 0.25105652 0.00037985 -1.00634968
5300.00000000 -0.75488689 0.25129557 0.00037918 -1.00656164
5400.00000000 -0.75239797 0.25153467 0.00038047 -1.00431311
5500.00000000 -0.74912997 0.24966300 0.00038032 -0.99917328
5600.00000000 -0.82578880 0.21405523 0.00051929 -1.04036331
5700.00000000 -0.87440698 0.22216277 0.00064579 -1.09721553
5800.00000000 -0.88997304 0.24958792 0.00071129 -1.14027226
5900.00000000 -0.90669819 0.24015038 0.00073385 -1.14758241
6000.00000000 -0.91817502 0.25202367 0.00081658 -1.17101526
6100.00000000 -0.93584143 0.25514045 0.00089906 -1.19188094
6200.00000000 -0.94204294 0.27070180 0.00092850 -1.21367323
6300.00000000 -0.95321492 0.27778393 0.00098362 -1.23198247
6400.00000000 -0.94681297 0.28546190 0.00104322 -1.23331809
6500.00000000 -0.95936904 0.27552688 0.00108209 -1.23597801
6600.00000000 -0.96432796 0.28721875 0.00116506 -1.25271177
6700.00000000 -0.96877742 0.29196495 0.00119740 -1.26193976
6800.00000000 -0.97060603 0.28362396 0.00115135 -1.25538135
6900.00000000 -0.97258624 0.28747913 0.00120706 -1.26127243
7000.00000000 -0.97253913 0.29376319 0.00128987 -1.26759219
7100.00000000 -0.96716382 0.28736448 0.00122105 -1.25574934
7200.00000000 -0.96646290 0.31023961 0.00123561 -1.27793813
7300.00000000 -0.97627781 0.29272115 0.00131645 -1.27031541
7400.00000000 -0.98316619 0.29690152 0.00135455 -1.28142226
7500.00000000 -0.97965003 0.29691249 0.00131957 -1.27788210
7600.00000000 -0.98467748 0.30013102 0.00136579 -1.28617430
7700.00000000 -0.99274474 0.30548683 0.00154689 -1.29977846
7800.00000000 -0.98646747 0.29848641 0.00140435 -1.28635824
7900.00000000 -0.99404653 0.31087276 0.00148709 -1.30640638
8000.00000000 -0.97685896 0.31329545 0.00134616 -1.29150057
8100.00000000 -0.99298280 0.31382743 0.00163785 -1.30844808
8200.00000000 -0.99413776 0.29690328 0.00152931 -1.29257035
8300.00000000 -0.98898485 0.33259922 0.00160780 -1.32319188
8400.00000000 -1.00089327 0.30519363 0.00157224 -1.30765915
8500.00000000 -0.99888322 0.31441265 0.00167415 -1.31497002
8600.00000000 -1.00469475 0.30788213 0.00166370 -1.31424057
8700.00000000 -0.99124171 0.30184463 0.00146241 -1.29454875
8800.00000000 -0.98072457 0.31883982 0.00170443 -1.30126882
8900.00000000 -1.00016413 0.31207323 0.00158324 -1.31382060
9000.00000000 -0.99203450 0.29356998 0.00158667 -1.28719115
9100.00000000 -1.00417273 0.30360097 0.00168813 -1.30946183
9200.00000000 -1.01265627 0.31060287 0.00184580 -1.32510495
9300.00000000 -0.98682837 0.30767795 0.00145756 -1.29596388
9400.00000000 -1.00970726 0.31528127 0.00187572 -1.32686424
9500.00000000 -0.98656326 0.34154451 0.00192708 -1.33003485
9600.00000000 -1.01312485 0.31541353 0.00192264 -1.33046103
9700.00000000 -0.96365408 0.34297350 0.00149875 -1.30812633
9800.00000000 -0.99803958 0.31100097 0.00164556 -1.31068611
9900.00000000 -1.01395697 0.31017575 0.00191852 -1.32605124
10000.00000000 -1.01680005 0.31208619 0.00195578 -1.33084202
10100.00000000 -1.00739741 0.30601016 0.00185677 -1.31526434
10200.00000000 -1.00488081 0.31891590 0.00181059 -1.32560730
10300.00000000 -0.99987386 0.33468226 0.00198494 -1.33654106
10400.00000000 -1.00855647 0.31492949 0.00180997 -1.32529593
10500.00000000 -1.01346034 0.33084103 0.00220260 -1.34650397
10600.00000000 -1.01406614 0.32741264 0.00198023 -1.34345901
10700.00000000 -1.01336564 0.31300279 0.00194813 -1.32831657
10800.00000000 -1.01206919 0.33563602 0.00214128 -1.34984648
10900.00000000 -1.02290449 0.31748721 0.00205940 -1.34245110
11000.00000000 -1.00882811 0.29362276 0.00181141 -1.30426228
11100.00000000 -1.01313582 0.31289151 0.00191909 -1.32794642
11200.00000000 -0.98878769 0.33731964 0.00189417 -1.32800150
11300.00000000 -1.00800999 0.32490432 0.00197271 -1.33488703
11400.00000000 -0.98420200 0.33615702 0.00216027 -1.32251930
11500.00000000 -1.01934045 0.31256777 0.00202240 -1.33393061
11600.00000000 -1.00698844 0.32750294 0.00199997 -1.33649135
11700.00000000 -1.00620377 0.30983305 0.00186909 -1.31790590
11800.00000000 -1.01766015 0.32694614 0.00219535 -1.34680164
11900.00000000 -0.98877458 0.32972249 0.00197302 -1.32047009
12000.00000000 -1.02208628 0.32344937 0.00226305 -1.34779871
12100.00000000 -1.01575690 0.33309895 0.00220407 -1.35105991
12200.00000000 -1.02507934 0.32613006 0.00223756 -1.35344696
12300.00000000 -1.02428194 0.31194529 0.00218863 -1.33841586
12400.00000000 -1.01925304 0.31461543 0.00211183 -1.33598030
12500.00000000 -1.01349229 0.32984304 0.00221937 -1.34555471
12600.00000000 -1.01162358 0.33264989 0.00201151 -1.34628499
12700.00000000 -1.00154536 0.31548461 0.00219951 -1.31922948
12800.00000000 -0.98934750 0.30904117 0.00176208 -1.30015075
12900.00000000 -1.00930822 0.31367940 0.00189047 -1.32487810
13000.00000000 -1.02561205 0.32551113 0.00210837 -1.35323155
13100.00000000 -0.98835519 0.34985968 0.00238681 -1.34060168
13200.00000000 -1.01843346 0.31512558 0.00213526 -1.33569431
13300.00000000 -1.00400101 0.32464656 0.00216834 -1.33081591
13400.00000000 -0.99644002 0.29634938 0.00200874 -1.29479814
13500.00000000 -0.99853548 0.32529360 0.00185094 -1.32568002
13600.00000000 -0.94390640 0.33037055 0.00161972 -1.27589667
13700.00000000 -1.00725418 0.31422070 0.00231317 -1.32378805
13800.00000000 -1.01445139 0.31573766 0.00243371 -1.33262277
13900.00000000 -1.02100823 0.31734157 0.00249114 -1.34084094
14000.00000000 -1.00808717 0.31470180 0.00242625 -1.32521522
14100.00000000 -1.01474436 0.33195308 0.00251628 -1.34921372
14200.00000000 -1.03323749 0.31513515 0.00247353 -1.35084617
14300.00000000 -1.02360740 0.31764835 0.00251583 -1.34377158
14400.00000000 -1.03209160 0.32469258 0.00265031 -1.35943449
14500.00000000 -1.02887560 0.32150373 0.00253489 -1.35291421
14600.00000000 -1.03215245 0.32846382 0.00273149 -1.36334777
14700.00000000 -1.03546476 0.32553566 0.00266147 -1.36366189
14800.00000000 -1.03412356 0.32609570 0.00273857 -1.36295784
14900.00000000 -1.03540145 0.32728291 0.00276722 -1.36545157
15000.00000000 -1.03408793 0.32467940 0.00262946 -1.36139679
15100.00000000 -1.03108382 0.32349178 0.00274768 -1.35732329
15200.00000000 -1.03774043 0.32792538 0.00279413 -1.36845994
15300.00000000 -1.03232558 0.32332498 0.00278627 -1.35843682
15400.00000000 -1.03141539 0.32498711 0.00278403 -1.35918653
15500.00000000 -1.04016524 0.32919085 0.00280673 -1.37216282
15600.00000000 -1.03019640 0.32408324 0.00252271 -1.35680234
15700.00000000 -1.03738296 0.32706580 0.00283244 -1.36728120
15800.00000000 -1.01845323 0.33663186 0.00284521 -1.35793030
15900.00000000 -1.03522089 0.32890004 0.00292388 -1.36704481
16000.00000000 -1.03023156 0.32650954 0.00292882 -1.35966992
16100.00000000 -1.03527569 0.33010271 0.00290081 -1.36827922
16200.00000000 -1.03613609 0.32725826 0.00275650 -1.36615086
16300.00000000 -1.03412241 0.32625291 0.00291368 -1.36328900
16400.00000000 -1.03610680 0.32576683 0.00288021 -1.36475384
16500.00000000 -1.03853406 0.32826844 0.00288541 -1.36968791
16600.00000000 -1.03453303 0.32890895 0.00298592 -1.36642790
16700.00000000 -1.04004312 0.32945913 0.00284141 -1.37234366
16800.00000000 -1.01989634 0.30406553 0.00223373 -1.32619560
16900.00000000 -1.03696089 0.32910886 0.00298361 -1.36905336
17000.00000000 -1.04177179 0.32985488 0.00298208 -1.37460876
17100.00000000 -1.03009636 0.33893600 0.00287761 -1.37190998
17200.00000000 -1.03767697 0.33014992 0.00301235 -1.37083924
17300.00000000 -1.03770899 0.32885686 0.00301157 -1.36957741
17400.00000000 -1.02843151 0.33129054 0.00288579 -1.36260784
17500.00000000 -1.03381645 0.33175769 0.00300178 -1.36857593
17600.00000000 -1.03844251 0.32865492 0.00287993 -1.36997736
17700.00000000 -1.03628877 0.32448164 0.00286680 -1.36363721
17800.00000000 -1.03869960 0.32919344 0.00307315 -1.37096620
17900.00000000 -1.03835000 0.33045334 0.00298135 -1.37178469
18000.00000000 -1.04402923 0.33270961 0.00303203 -1.37977087
18100.00000000 -1.01390286 0.33357885 0.00230158 -1.34978330
18200.00000000 -1.03567132 0.33128101 0.00317154 -1.37012386
18300.00000000 -1.03537712 0.33077601 0.00312709 -1.36928022
18400.00000000 -1.03859866 0.33210757 0.00281450 -1.37352073
18500.00000000 -1.04055691 0.33169225 0.00322827 -1.37547743
18600.00000000 -1.04438264 0.33249852 0.00316974 -1.38005090
18700.00000000 -1.04050785 0.32974234 0.00307874 -1.37332892
18800.00000000 -1.01001345 0.33234265 0.00267599 -1.34503210
18900.00000000 -1.04045587 0.33168641 0.00317696 -1.37531924
19000.00000000 -1.04373239 0.33306342 0.00320383 -1.37999964
19100.00000000 -1.03703331 0.32997081 0.00318614 -1.37019026
19200.00000000 -1.01792104 0.34194407 0.00277396 -1.36263907
19300.00000000 -1.02663547 0.30651200 0.00261813 -1.33576560
19400.00000000 -1.04280000 0.33127055 0.00323782 -1.37730837
19500.00000000 -1.04410356 0.33300424 0.00320846 -1.38031626
19600.00000000 -1.04219112 0.33376399 0.00320315 -1.37915826
19700.00000000 -1.03946665 0.33393309 0.00326871 -1.37666845
19800.00000000 -1.04526717 0.33118969 0.00321400 -1.37967086
19900.00000000 -1.04405975 0.33363053 0.00331894 -1.38100922
20000.00000000 -1.04297571 0.33107671 0.00306104 -1.37711346
