100.00000000 -0.12913609 0.00671139 0.00133575 -0.13718323
200.00000000 -0.16843249 0.02308402 0.00267312 -0.19418964
300.00000000 -0.18765639 0.04165408 0.00385565 -0.23316611
400.00000000 -0.19126053 0.05628975 0.00451147 -0.25206175
500.00000000 -0.19115534 0.06102265 0.00471057 -0.25688857
600.00000000 -0.19158382 0.06207513 0.00475591 -0.25841486
700.00000000 -0.19167822 0.06222531 0.00475535 -0.25865889
800.00000000 -0.19207453 0.06238957 0.00474023 -0.25920433
900.00000000 -0.19184044 0.06232376 0.00476490 -0.25892910
1000.00000000 -0.19176345 0.06228346 0.00475703 -0.25880393
1100.00000000 -0.19138400 0.06223330 0.00474362 -0.25836092
1200.00000000 -0.19131557 0.06215498 0.00475981 -0.25823036
1300.00000000 -0.19147889 0.06218682 0.00474576 -0.25841147
1400.00000000 -0.20690313 0.04560807 0.00525778 -0.25776899
1500.00000000 -0.21726154 0.05381450 0.00676472 -0.27784076
1600.00000000 -0.22411511 0.05827060 0.00777892 -0.29016462
1700.00000000 -0.22770451 0.05960519 0.00845195 -0.29576164
1800.00000000 -0.23090311 0.06270851 0.00924732 -0.30285895
1900.00000000 -0.23229943 0.06348117 0.00986400 -0.30564460
2000.00000000 -0.23405133 0.06485348 0.01018345 -0.30908826
2100.00000000 -0.23572979 0.06547869 0.01090865 -0.31211713
2200.00000000 -0.23672125 0.06793054 0.01106796 -0.31571975
2300.00000000 -0.23697783 0.06628201 0.01164437 -0.31490421
2400.00000000 -0.23868375 0.06753952 0.01196114 -0.31818441
2500.00000000 -0.23812791 0.06820428 0.01236296 -0.31869516
2600.00000000 -0.23950720 0.06963965 0.01277658 -0.32192343
2700.00000000 -0.24056635 0.06998857 0.01293123 -0.32348615
2800.00000000 -0.24068064 0.06939204 0.01338345 -0.32345614
2900.00000000 -0.24045790 0.07034831 0.01348383 -0.32429004
3000.00000000 -0.24184086 0.07145377 0.01398354 -0.32727817
3100.00000000 -0.24141965 0.07163381 0.01409945 -0.32715291
3200.00000000 -0.24219010 0.07063057 0.01426397 -0.32708463
3300.00000000 -0.24197369 0.07301760 0.01434461 -0.32933590
3400.00000000 -0.24293197 0.07170092 0.01492709 -0.32955998
3500.00000000 -0.24293398 0.07169799 0.01501116 -0.32964313
3600.00000000 -0.24267747 0.07193790 0.01532549 -0.32994086
3700.00000000 -0.24332299 0.07226431 0.01552408 -0.33111137
3800.00000000 -0.24359208 0.07242448 0.01557204 -0.33158860
3900.00000000 -0.24296546 0.07376429 0.01569259 -0.33242235
4000.00000000 -0.24381137 0.07298551 0.01607113 -0.33286801
4100.00000000 -0.24490616 0.07294655 0.01614699 -0.33399969
4200.00000000 -0.24442348 0.07302079 0.01638716 -0.33383143
4300.00000000 -0.24333376 0.07243170 0.01661874 -0.33238420
4400.00000000 -0.24495617 0.07310202 0.01657125 -0.33462945
4500.00000000 -0.24486278 0.07340782 0.01678549 -0.33505610
4600.00000000 -0.24449118 0.07267362 0.01703633 -0.33420113
4700.00000000 -0.24384334 0.07205275 0.01711979 -0.33301589
4800.00000000 -0.24316281 0.07296813 0.01659306 -0.33272400
4900.00000000 -0.24598354 0.07394200 0.01720426 -0.33712980
5000.00000000 -0.24524314 0.07375676 0.01737721 -0.33637711
5100.00000000 -0.24521530 0.07447291 0.01765515 -0.33734336
5200.00000000 -0.24574376 0.07417871 0.01753486 -0.33745733
5300.00000000 -0.24491245 0.07417259 0.01801594 -0.33710098
5400.00000000 -0.24441010 0.07350060 0.01774162 -0.33565232
5500.00000000 -0.24649529 0.07443864 0.01784365 -0.33877757
5600.00000000 -0.24512344 0.07403871 0.01810949 -0.33727163
5700.00000000 -0.24580155 0.07427797 0.01809617 -0.33817568
5800.00000000 -0.24509000 0.07378100 0.01835188 -0.33722287
5900.00000000 -0.24544282 0.07433073 0.01812276 -0.33789632
6000.00000000 -0.24568275 0.07457407 0.01834516 -0.33860198
6100.00000000 -0.24596893 0.07423734 0.01822285 -0.33842912
6200.00000000 -0.24448607 0.07441974 0.01867109 -0.33757690
6300.00000000 -0.24446451 0.07465167 0.01779529 -0.33691147
6400.00000000 -0.24344962 0.07195097 0.01796830 -0.33336890
6500.00000000 -0.24548901 0.07450153 0.01877821 -0.33876875
6600.00000000 -0.24545867 0.07453144 0.01888488 -0.33887500
6700.00000000 -0.24588415 0.07466524 0.01885737 -0.33940676
6800.00000000 -0.24661594 0.07489933 0.01881480 -0.34033006
6900.00000000 -0.24585089 0.07485788 0.01878481 -0.33949357
7000.00000000 -0.24528736 0.07422671 0.01887005 -0.33838412
7100.00000000 -0.24578220 0.07478859 0.01893557 -0.33950636
7200.00000000 -0.24610486 0.07409184 0.01907908 -0.33927578
7300.00000000 -0.24553159 0.07437812 0.01909389 -0.33900359
7400.00000000 -0.24603924 0.07533640 0.01898041 -0.34035605
7500.00000000 -0.24534065 0.07456967 0.01897716 -0.33888748
7600.00000000 -0.24390212 0.07675867 0.01802103 -0.33868182
7700.00000000 -0.24517105 0.07457487 0.01941598 -0.33916190
7800.00000000 -0.24567212 0.07481013 0.01939228 -0.33987454
7900.00000000 -0.24653905 0.07512860 0.01938324 -0.34105089
8000.00000000 -0.24616604 0.07496004 0.01935973 -0.34048581
8100.00000000 -0.24565788 0.07450915 0.01949055 -0.33965757
8200.00000000 -0.24477011 0.07393219 0.01948006 -0.33818236
8300.00000000 -0.24551971 0.07404120 0.01961658 -0.33917749
8400.00000000 -0.24500849 0.07465118 0.01968716 -0.33934683
8500.00000000 -0.24599061 0.07494888 0.01950636 -0.34044585
8600.00000000 -0.24540533 0.07478806 0.01967319 -0.33986658
8700.00000000 -0.24568800 0.07482216 0.01951350 -0.34002367
8800.00000000 -0.24497672 0.07460862 0.01960949 -0.33919483
8900.00000000 -0.24596225 0.07491614 0.01956528 -0.34044367
9000.00000000 -0.24587293 0.07491979 0.01958336 -0.34037608
9100.00000000 -0.24627643 0.07515378 0.01967448 -0.34110469
9200.00000000 -0.24516656 0.07464223 0.01954682 -0.33935562
9300.00000000 -0.24665871 0.07521002 0.01952948 -0.34139821
9400.00000000 -0.24613816 0.07506008 0.01968010 -0.34087834
9500.00000000 -0.24565751 0.07492320 0.01972935 -0.34031007
9600.00000000 -0.24660598 0.07493731 0.01967270 -0.34121600
9700.00000000 -0.24610454 0.07529693 0.01961861 -0.34102008
9800.00000000 -0.24553703 0.07481945 0.01969311 -0.34004959
9900.00000000 -0.24595804 0.07487462 0.01983084 -0.34066349
10000.00000000 -0.24513270 0.07524104 0.01980165 -0.34017539
10100.00000000 -0.24610638 0.07497022 0.01978770 -0.34086430
10200.00000000 -0.24581717 0.07518944 0.01961709 -0.34062371
10300.00000000 -0.24590898 0.07511621 0.01970851 -0.34073371
10400.00000000 -0.24577280 0.07486982 0.01967272 -0.34031534
10500.00000000 -0.24541223 0.07485956 0.01990604 -0.34017783
10600.00000000 -0.24701113 0.07536564 0.01964630 -0.34202307
10700.00000000 -0.24493401 0.07472191 0.01998559 -0.33964151
10800.00000000 -0.24581192 0.07500247 0.01984940 -0.34066379
10900.00000000 -0.24487398 0.07442889 0.01992752 -0.33923039
11000.00000000 -0.24596482 0.07440320 0.01987564 -0.34024367
11100.00000000 -0.24608664 0.07523715 0.01995924 -0.34128302
11200.00000000 -0.24524685 0.07505827 0.01977816 -0.34008327
11300.00000000 -0.24612902 0.07516726 0.01971050 -0.34100679
11400.00000000 -0.24713864 0.07514981 0.01978001 -0.34206846
11500.00000000 -0.24595401 0.07381045 0.01960943 -0.33937389
11600.00000000 -0.24607074 0.07504705 0.01980487 -0.34092265
11700.00000000 -0.24629040 0.07490312 0.01990600 -0.34109953
11800.00000000 -0.24566940 0.07537079 0.01986208 -0.34090227
11900.00000000 -0.24630408 0.07550953 0.01998520 -0.34179881
12000.00000000 -0.24584010 0.07524426 0.01980515 -0.34088951
12100.00000000 -0.24605330 0.07517137 0.01998510 -0.34120977
12200.00000000 -0.24566812 0.07476068 0.01994744 -0.34037623
12300.00000000 -0.24644963 0.07496469 0.01986340 -0.34127772
12400.00000000 -0.24472796 0.07507545 0.01798815 -0.33779156
12500.00000000 -0.24659732 0.07524859 0.01992420 -0.34177011
12600.00000000 -0.24658439 0.07535152 0.02001063 -0.34194654
12700.00000000 -0.24619701 0.07516357 0.01991738 -0.34127796
12800.00000000 -0.24666791 0.07546274 0.01983702 -0.34196767
12900.00000000 -0.24614431 0.07514966 0.01994647 -0.34124044
13000.00000000 -0.24598050 0.07507271 0.01991484 -0.34096804
13100.00000000 -0.24635093 0.07523926 0.01990786 -0.34149805
13200.00000000 -0.24577420 0.07502958 0.01998119 -0.34078497
13300.00000000 -0.24610498 0.07513665 0.01991992 -0.34116155
13400.00000000 -0.24652266 0.07526480 0.01986785 -0.34165531
13500.00000000 -0.24662988 0.07530531 0.01989414 -0.34182933
13600.00000000 -0.24669264 0.07535290 0.01996081 -0.34200636
13700.00000000 -0.24725459 0.07553469 0.01988399 -0.34267327
13800.00000000 -0.24575753 0.07503327 0.01998004 -0.34077084
13900.00000000 -0.24619547 0.07520663 0.01997784 -0.34137994
14000.00000000 -0.24530070 0.07485343 0.01991055 -0.34006467
14100.00000000 -0.24565589 0.07501972 0.02003320 -0.34070882
14200.00000000 -0.24534521 0.07498760 0.02011349 -0.34044629
14300.00000000 -0.24601501 0.07490816 0.01990480 -0.34082797
14400.00000000 -0.24683717 0.07526941 0.01988616 -0.34199274
14500.00000000 -0.24612911 0.07520045 0.02005283 -0.34138238
14600.00000000 -0.24598592 0.07494168 0.01994439 -0.34087199
14700.00000000 -0.24573602 0.07508553 0.02004079 -0.34086233
14800.00000000 -0.24622354 0.07517177 0.01998219 -0.34137750
14900.00000000 -0.24630615 0.07526141 0.01984844 -0.34141600
15000.00000000 -0.24624347 0.07518105 0.01994720 -0.34137172
