100.00000000 -0.41579445 0.00655020 0.00009358 -0.42243823
200.00000000 -0.58489892 0.02673818 0.00020207 -0.61183918
300.00000000 -0.73128032 0.06171805 0.00033397 -0.79333234
400.00000000 -0.81965363 0.12297589 0.00046944 -0.94309896
500.00000000 -0.85800112 0.18691656 0.00058451 -1.04550219
600.00000000 -0.87381025 0.23940492 0.00065784 -1.11387300
700.00000000 -0.87723409 0.26907727 0.00070028 -1.14701164
800.00000000 -0.87943675 0.28396145 0.00071735 -1.16411555
900.00000000 -0.87967095 0.28980348 0.00072473 -1.17019916
1000.00000000 -0.88200380 0.29250121 0.00072561 -1.17523062
1100.00000000 -0.87956491 0.29248467 0.00072867 -1.17277825
1200.00000000 -0.87802503 0.29216728 0.00072902 -1.17092133
1300.00000000 -0.87748336 0.29186484 0.00072686 -1.17007506
1400.00000000 -0.87828357 0.29207820 0.00072848 -1.17109025
1500.00000000 -0.87320416 0.29195303 0.00072969 -1.16588688
1600.00000000 -0.88321534 0.29367444 0.00072813 -1.17761791
1700.00000000 -0.88511418 0.29436117 0.00072546 -1.18020082
1800.00000000 -0.87474228 0.29117498 0.00073030 -1.16664755
1900.00000000 -0.87702232 0.29185519 0.00072847 -1.16960597
2000.00000000 -0.87901973 0.29249907 0.00072933 -1.17224813
2100.00000000 -0.87993052 0.29280785 0.00072724 -1.17346561
2200.00000000 -0.87709453 0.29178178 0.00072728 -1.16960359
2300.00000000 -0.87986557 0.29280889 0.00072797 -1.17340243
2400.00000000 -0.88023585 0.29275030 0.00072658 -1.17371273
2500.00000000 -0.87300847 0.29034242 0.00073021 -1.16408110
2600.00000000 -0.88337287 0.29388782 0.00072915 -1.17798984
2700.00000000 -0.87848762 0.29228845 0.00072986 -1.17150593
2800.00000000 -0.87705326 0.29192773 0.00072869 -1.16970968
2900.00000000 -0.87856074 0.29230088 0.00072847 -1.17159009
3000.00000000 -0.87951301 0.29278627 0.00072895 -1.17302823
3100.00000000 -0.87841033 0.28757414 0.00081257 -1.16679704
3200.00000000 -0.98289045 0.24846554 0.00097255 -1.23232853
3300.00000000 -1.02013900 0.27761397 0.00119580 -1.29894876
3400.00000000 -1.04803293 0.29134643 0.00130029 -1.34067965
3500.00000000 -1.06336279 0.28551015 0.00143988 -1.35031283
3600.00000000 -1.07366067 0.31367505 0.00154108 -1.38887680
3700.00000000 -1.06849611 0.31889901 0.00162044 -1.38901556
3800.00000000 -1.09651060 0.31048647 0.00179698 -1.40879405
3900.00000000 -1.10918399 0.31411839 0.00183586 -1.42513824
4000.00000000 -1.11404337 0.32040569 0.00188352 -1.43633258
4100.00000000 -1.11495137 0.32228908 0.00198654 -1.43922698
4200.00000000 -1.11430398 0.32389838 0.00216213 -1.44036448
4300.00000000 -1.13009175 0.32747138 0.00211088 -1.45967400
4400.00000000 -1.12915383 0.32479304 0.00218245 -1.45612931
4500.00000000 -1.12917393 0.34290242 0.00234658 -1.47442293
4600.00000000 -1.13338796 0.35127217 0.00245394 -1.48711407
4700.00000000 -1.14556583 0.33663851 0.00252876 -1.48473310
4800.00000000 -1.14627655 0.34057003 0.00251863 -1.48936522
4900.00000000 -1.14635047 0.35005078 0.00262184 -1.49902308
5000.00000000 -1.15094138 0.35372752 0.00274103 -1.50740993
5100.00000000 -1.15226562 0.34326711 0.00256671 -1.49809945
5200.00000000 -1.15892977 0.34840176 0.00281807 -1.51014960
5300.00000000 -1.15296893 0.34602225 0.00263126 -1.50162244
5400.00000000 -1.16101509 0.35308808 0.00297773 -1.51708090
5500.00000000 -1.16002258 0.35238224 0.00280735 -1.51521218
5600.00000000 -1.15917714 0.37152410 0.00292913 -1.53363037
5700.00000000 -1.16392835 0.35582542 0.00306646 -1.52282023
5800.00000000 -1.16039149 0.37000081 0.00316607 -1.53355837
5900.00000000 -1.16442160 0.33869037 0.00290392 -1.50601590
6000.00000000 -1.17552134 0.35687366 0.00318182 -1.53557682
6100.00000000 -1.16016807 0.36403370 0.00313650 -1.52733827
6200.00000000 -1.16497386 0.34639865 0.00281900 -1.51419151
6300.00000000 -1.17951877 0.36036453 0.00338109 -1.54326439
6400.00000000 -1.17274411 0.34819740 0.00324283 -1.52418435
6500.00000000 -1.17318840 0.36348242 0.00348305 -1.54015386
6600.00000000 -1.18214080 0.35972038 0.00338471 -1.54524589
6700.00000000 -1.15124600 0.36759701 0.00329415 -1.52213717
6800.00000000 -1.16447660 0.36972830 0.00337964 -1.53758454
6900.00000000 -1.18536791 0.36674762 0.00367251 -1.55578804
7000.00000000 -1.17340877 0.37019870 0.00341440 -1.54702187
7100.00000000 -1.15918100 0.34546179 0.00308067 -1.50772345
7200.00000000 -1.18241213 0.36606842 0.00375017 -1.55223072
7300.00000000 -1.17385338 0.35303921 0.00315829 -1.53005087
7400.00000000 -1.18168745 0.37254280 0.00383362 -1.55806386
7500.00000000 -1.17014358 0.36560541 0.00393256 -1.53968155
7600.00000000 -1.18632075 0.38043761 0.00382164 -1.57058001
7700.00000000 -1.16610646 0.38826421 0.00339708 -1.55776775
7800.00000000 -1.19132451 0.37567487 0.00396913 -1.57096851
7900.00000000 -1.16043442 0.36655623 0.00340403 -1.53039467
8000.00000000 -1.17367403 0.35772279 0.00384240 -1.53523922
8100.00000000 -1.18104847 0.38183305 0.00382097 -1.56670249
8200.00000000 -1.16949633 0.35214791 0.00319385 -1.52483809
8300.00000000 -1.18972856 0.37450185 0.00402644 -1.56825686
8400.00000000 -1.19157383 0.37250906 0.00388286 -1.56796575
8500.00000000 -1.20119200 0.37882468 0.00439458 -1.58441126
8600.00000000 -1.19317932 0.38307267 0.00446450 -1.58071649
8700.00000000 -1.19099701 0.38050124 0.00431302 -1.57581127
8800.00000000 -1.18672751 0.36587194 0.00398837 -1.55658782
8900.00000000 -1.18748296 0.36023054 0.00387457 -1.55158806
9000.00000000 -1.19046857 0.37751839 0.00436367 -1.57235062
9100.00000000 -1.20371322 0.38472843 0.00449415 -1.59293580
9200.00000000 -1.19683301 0.36970136 0.00445560 -1.57098997
9300.00000000 -1.20228257 0.37924078 0.00483317 -1.58635652
9400.00000000 -1.14982871 0.34691152 0.00344097 -1.50018120
9500.00000000 -1.18815051 0.38918748 0.00420605 -1.58154404
9600.00000000 -1.20015045 0.38785186 0.00479759 -1.59279990
9700.00000000 -1.20057608 0.37695116 0.00463049 -1.58215773
9800.00000000 -1.20096250 0.38314873 0.00501690 -1.58912814
9900.00000000 -1.19674010 0.37773988 0.00471624 -1.57919621
10000.00000000 -1.18170918 0.34589827 0.00374507 -1.53135252
10100.00000000 -1.20099581 0.38400367 0.00487610 -1.58987558
10200.00000000 -1.19467402 0.38530326 0.00428390 -1.58426118
10300.00000000 -1.14115325 0.39864710 0.00331502 -1.54311538
10400.00000000 -1.19790053 0.37829557 0.00469980 -1.58089590
10500.00000000 -1.20478408 0.37061456 0.00478666 -1.58018529
10600.00000000 -1.20662348 0.38407558 0.00523748 -1.59593654
10700.00000000 -1.20668906 0.38646111 0.00521478 -1.59836495
10800.00000000 -1.18332668 0.39525738 0.00432576 -1.58290982
10900.00000000 -1.20268772 0.37832963 0.00470449 -1.58572185
11000.00000000 -1.20804974 0.38060504 0.00517532 -1.59383011
11100.00000000 -1.19959524 0.38021123 0.00468036 -1.58448684
11200.00000000 -1.20043308 0.38525847 0.00484088 -1.59053242
11300.00000000 -1.20551794 0.38953441 0.00501073 -1.60006309
11400.00000000 -1.21078433 0.38633746 0.00528328 -1.60240507
11500.00000000 -1.20109266 0.38800740 0.00543600 -1.59453607
11600.00000000 -1.18848496 0.38269460 0.00485629 -1.57603586
11700.00000000 -1.19154721 0.37238950 0.00450421 -1.56844091
11800.00000000 -1.20453640 0.38982332 0.00519459 -1.59955430
11900.00000000 -1.19599890 0.37854791 0.00495852 -1.57950532
12000.00000000 -1.20469527 0.38024342 0.00480946 -1.58974814
12100.00000000 -1.19208458 0.40369594 0.00547049 -1.60125101
12200.00000000 -1.17191529 0.37544569 0.00384692 -1.55120790
12300.00000000 -1.21199667 0.37351909 0.00498852 -1.59050429
12400.00000000 -1.21178570 0.38350561 0.00555772 -1.60084903
12500.00000000 -1.17922058 0.37489405 0.00455005 -1.55866468
12600.00000000 -1.20673736 0.38715109 0.00533183 -1.59922028
12700.00000000 -1.21061898 0.38588554 0.00556951 -1.60207403
12800.00000000 -1.21416840 0.38815284 0.00561991 -1.60794115
12900.00000000 -1.20582097 0.38272682 0.00524156 -1.59378934
13000.00000000 -1.13899644 0.39027891 0.00348635 -1.53276169
13100.00000000 -1.11200851 0.29088315 0.00384460 -1.40673625
13200.00000000 -1.19748455 0.36694393 0.00461290 -1.56904137
13300.00000000 -1.19617319 0.37846139 0.00542054 -1.58005512
13400.00000000 -1.19767582 0.38414854 0.00512260 -1.58694696
13500.00000000 -1.20605236 0.36719820 0.00522372 -1.57847428
13600.00000000 -1.21972541 0.38492936 0.00555375 -1.61020851
13700.00000000 -1.20808902 0.38035783 0.00564135 -1.59408820
13800.00000000 -1.20937559 0.39715657 0.00568432 -1.61221647
13900.00000000 -1.21488006 0.38727772 0.00596373 -1.60812151
14000.00000000 -1.21765530 0.39629203 0.00611168 -1.62005901
14100.00000000 -1.19762862 0.39673927 0.00499102 -1.59935892
14200.00000000 -1.21999831 0.39705750 0.00613495 -1.62319076
14300.00000000 -1.19510755 0.38323811 0.00486898 -1.58321464
14400.00000000 -1.16798879 0.37225217 0.00364559 -1.54388654
14500.00000000 -1.21491327 0.38871360 0.00606272 -1.60968959
14600.00000000 -1.19627145 0.36214843 0.00486428 -1.56328416
14700.00000000 -1.17456535 0.38146088 0.00490188 -1.56092811
14800.00000000 -1.19006047 0.40122584 0.00552463 -1.59681094
14900.00000000 -1.21104201 0.38594210 0.00562088 -1.60260499
15000.00000000 -1.21591130 0.37924358 0.00532114 -1.60047603
15100.00000000 -1.21792467 0.39361259 0.00616677 -1.61770403
15200.00000000 -1.19959886 0.38323924 0.00550254 -1.58834064
15300.00000000 -1.17811056 0.40448758 0.00514371 -1.58774185
15400.00000000 -1.19506290 0.39069101 0.00441719 -1.59017110
15500.00000000 -1.20182529 0.37935525 0.00498000 -1.58616054
15600.00000000 -1.21310458 0.38077652 0.00564327 -1.59952438
15700.00000000 -1.20677159 0.39164463 0.00509785 -1.60351408
15800.00000000 -1.21669133 0.38789609 0.00590946 -1.61049688
15900.00000000 -1.20604482 0.38444293 0.00560817 -1.59609592
16000.00000000 -1.21053197 0.38004202 0.00559322 -1.59616721
16100.00000000 -1.22281541 0.39422947 0.00606255 -1.62310743
16200.00000000 -1.19856476 0.38025481 0.00529606 -1.58411562
16300.00000000 -1.21472218 0.39909980 0.00602616 -1.61984813
16400.00000000 -1.21422117 0.37655026 0.00577868 -1.59655011
16500.00000000 -1.21283010 0.39395174 0.00634061 -1.61312246
16600.00000000 -1.22063270 0.39422619 0.00644669 -1.62130558
16700.00000000 -1.21683270 0.39309728 0.00607306 -1.61600304
16800.00000000 -1.21433113 0.38805553 0.00649528 -1.60888195
16900.00000000 -1.21402065 0.38121539 0.00588705 -1.60112309
17000.00000000 -1.20965984 0.38494456 0.00581465 -1.60041904
17100.00000000 -1.19457669 0.42023352 0.00584199 -1.62065220
17200.00000000 -1.21333872 0.38571584 0.00558401 -1.60463858
17300.00000000 -1.21126828 0.38153365 0.00622713 -1.59902906
17400.00000000 -1.21441539 0.39320269 0.00614405 -1.61376214
17500.00000000 -1.20568579 0.38732424 0.00560013 -1.59861016
17600.00000000 -1.21752768 0.39764008 0.00667152 -1.62183928
17700.00000000 -1.22133242 0.39083821 0.00596996 -1.61814058
17800.00000000 -1.20082416 0.34398904 0.00532956 -1.55014277
17900.00000000 -1.20156652 0.38312459 0.00598603 -1.59067714
18000.00000000 -1.18886788 0.38064998 0.00442647 -1.57394433
18100.00000000 -1.22743657 0.39045030 0.00647024 -1.62435710
18200.00000000 -1.21446011 0.39573365 0.00597140 -1.61616516
18300.00000000 -1.21094480 0.39836866 0.00649372 -1.61580718
18400.00000000 -1.21854209 0.38957983 0.00656492 -1.61468685
18500.00000000 -1.18986590 0.39577070 0.00564565 -1.59128225
18600.00000000 -1.21092269 0.39033332 0.00589859 -1.60715461
18700.00000000 -1.18772197 0.39970672 0.00617015 -1.59359884
18800.00000000 -1.17989510 0.37257740 0.00466976 -1.55714226
18900.00000000 -1.21852982 0.40140799 0.00666257 -1.62660038
19000.00000000 -1.21624564 0.40051004 0.00701837 -1.62377405
19100.00000000 -1.10795210 0.37200421 0.00278957 -1.48274589
19200.00000000 -1.17393494 0.35634953 0.00430398 -1.53458846
19300.00000000 -1.21515903 0.39870867 0.00656789 -1.62043560
19400.00000000 -1.20574730 0.39732030 0.00637582 -1.60944343
19500.00000000 -1.20938224 0.38237679 0.00603192 -1.59779096
19600.00000000 -1.21760746 0.39902177 0.00651527 -1.62314451
19700.00000000 -1.20073556 0.37556586 0.00542764 -1.58172905
19800.00000000 -1.22621311 0.39177656 0.00648497 -1.62447464
19900.00000000 -1.21053578 0.41200766 0.00567914 -1.62822258
20000.00000000 -1.21589970 0.38725108 0.00606984 -1.60922062
