100.00000000 -0.26415622 0.00013245 0.00023877 -0.26452744
200.00000000 -0.40139362 0.00058835 0.00055148 -0.40253344
300.00000000 -0.53567867 0.00170048 0.00099187 -0.53837103
400.00000000 -0.66821642 0.00415018 0.00155134 -0.67391795
500.00000000 -0.79729567 0.00847532 0.00222034 -0.80799133
600.00000000 -0.92062432 0.01525608 0.00300338 -0.93888378
700.00000000 -1.04215076 0.02565306 0.00387470 -1.07167852
800.00000000 -1.14700786 0.03960906 0.00485084 -1.19146776
900.00000000 -1.25214919 0.05858816 0.00588264 -1.31661999
1000.00000000 -1.33879660 0.08208000 0.00695148 -1.42782807
1100.00000000 -1.42265623 0.11070524 0.00809786 -1.54145932
1200.00000000 -1.48558428 0.14320950 0.00923472 -1.63802850
1300.00000000 -1.54518417 0.18045238 0.01036220 -1.73599875
1400.00000000 -1.60378686 0.22131242 0.01147254 -1.83657181
1500.00000000 -1.64496570 0.26447713 0.01251716 -1.92196000
1600.00000000 -1.67620171 0.30673444 0.01351344 -1.99644959
1700.00000000 -1.68892425 0.34755170 0.01446813 -2.05094409
1800.00000000 -1.70894303 0.38527280 0.01513342 -2.10934925
1900.00000000 -1.71219525 0.42127717 0.01594713 -2.14941955
2000.00000000 -1.72101756 0.45193392 0.01642631 -2.18937778
2100.00000000 -1.73185885 0.48167428 0.01696160 -2.23049474
2200.00000000 -1.73289788 0.50343794 0.01726764 -2.25360346
2300.00000000 -1.74545785 0.52356803 0.01761452 -2.28664041
2400.00000000 -1.72959195 0.53476173 0.01793988 -2.28229356
2500.00000000 -1.73309749 0.54415298 0.01807958 -2.29533005
2600.00000000 -1.74385003 0.55326110 0.01811757 -2.31522870
2700.00000000 -1.73449721 0.55766809 0.01830338 -2.31046867
2800.00000000 -1.73726607 0.56419587 0.01832557 -2.31978750
2900.00000000 -1.72727532 0.56250423 0.01833069 -2.30811024
3000.00000000 -1.72475994 0.57990414 0.01839357 -2.32305765
3100.00000000 -1.73974803 0.56658447 0.01830897 -2.32464147
3200.00000000 -1.73772066 0.56861532 0.01833481 -2.32467079
3300.00000000 -1.74535121 0.57017803 0.01847874 -2.33400798
3400.00000000 -1.73507543 0.56952447 0.01839314 -2.32299304
3500.00000000 -1.73781895 0.56922430 0.01848632 -2.32552958
3600.00000000 -1.73255025 0.56675041 0.01849295 -2.31779361
3700.00000000 -1.73361278 0.56349039 0.01854181 -2.31564498
3800.00000000 -1.73949249 0.56904840 0.01851385 -2.32705474
3900.00000000 -1.73609710 0.56892532 0.01840430 -2.32342672
4000.00000000 -1.74024567 0.56970835 0.01834384 -2.32829785
4100.00000000 -1.73386153 0.56979614 0.01844416 -2.32210183
4200.00000000 -1.73248348 0.57022840 0.01855192 -2.32126379
4300.00000000 -1.72729998 0.56673574 0.01850767 -2.31254339
4400.00000000 -1.73990774 0.57011735 0.01840294 -2.32842803
4500.00000000 -1.73776230 0.56823695 0.01844457 -2.32444382
4600.00000000 -1.74053899 0.56756234 0.01844701 -2.32654834
4700.00000000 -1.73339062 0.56673080 0.01846374 -2.31858516
4800.00000000 -1.73273675 0.56675553 0.01850636 -2.31799865
4900.00000000 -1.74102337 0.56839806 0.01844966 -2.32787108
5000.00000000 -1.74257366 0.56912416 0.01853456 -2.33023238
5100.00000000 -1.73977058 0.57371706 0.01852573 -2.33201337
5200.00000000 -1.74677844 0.56665909 0.01850669 -2.33194423
5300.00000000 -1.74393936 0.56936479 0.01854781 -2.33185196
5400.00000000 -1.73180405 0.56564564 0.01846113 -2.31591082
5500.00000000 -1.74274769 0.57216728 0.01856015 -2.33347511
5600.00000000 -1.75221425 0.57263178 0.01847434 -2.34332037
5700.00000000 -1.73956271 0.56685758 0.01850657 -2.32492685
5800.00000000 -1.74184064 0.57003331 0.01845451 -2.33032846
5900.00000000 -1.74222047 0.56964177 0.01844763 -2.33030987
6000.00000000 -1.73220634 0.56712866 0.01852918 -2.31786418
6100.00000000 -1.74338114 0.56874895 0.01850212 -2.33063221
6200.00000000 -1.74505950 0.56936669 0.01857304 -2.33299923
6300.00000000 -1.75011970 0.57054371 0.01850442 -2.33916783
6400.00000000 -1.74603408 0.56932819 0.01844902 -2.33381128
6500.00000000 -1.74457066 0.57001626 0.01853103 -2.33311796
6600.00000000 -1.72696764 0.56359529 0.01850956 -2.30907249
6700.00000000 -1.74362611 0.56860334 0.01853413 -2.33076358
6800.00000000 -1.74128111 0.56932127 0.01852731 -2.32912970
6900.00000000 -1.74008901 0.56819969 0.01850020 -2.32678890
7000.00000000 -1.74511351 0.57196993 0.01854126 -2.33562469
7100.00000000 -1.74584040 0.57045501 0.01854298 -2.33483839
7200.00000000 -1.86587857 0.40666530 0.02002887 -2.29257274
7300.00000000 -1.92416951 0.44758016 0.02317688 -2.39492655
7400.00000000 -1.97895433 0.48277596 0.02671428 -2.48844457
7500.00000000 -2.00390908 0.49495578 0.02804331 -2.52690816
7600.00000000 -2.02406115 0.53267086 0.03082054 -2.58755255
7700.00000000 -2.05175802 0.51734388 0.03152863 -2.60063052
7800.00000000 -2.06927407 0.55197406 0.03284800 -2.65409613
7900.00000000 -2.07829573 0.54744333 0.03326706 -2.65900612
8000.00000000 -2.10090183 0.57388926 0.03619505 -2.71098614
8100.00000000 -2.10122379 0.57750458 0.03642653 -2.71515489
8200.00000000 -2.11061858 0.57120520 0.03807921 -2.71990299
8300.00000000 -2.11541278 0.58492249 0.03784394 -2.73817921
8400.00000000 -2.11507795 0.58696711 0.04043641 -2.74248147
8500.00000000 -2.12842716 0.58464068 0.04039424 -2.75346208
8600.00000000 -2.14675515 0.60872191 0.04291547 -2.79839253
8700.00000000 -2.14008325 0.60031241 0.04370749 -2.78410316
8800.00000000 -2.14472483 0.61898130 0.04360851 -2.80731463
8900.00000000 -2.15692205 0.60314739 0.04346364 -2.80353308
9000.00000000 -2.15922695 0.60673624 0.04595841 -2.81192160
9100.00000000 -2.15872920 0.60793507 0.04631376 -2.81297803
9200.00000000 -2.16339628 0.63903016 0.04728093 -2.84970737
9300.00000000 -2.17940108 0.62423217 0.04660102 -2.85023427
9400.00000000 -2.15320428 0.61679757 0.04535989 -2.81536174
9500.00000000 -2.17026587 0.61820847 0.04560350 -2.83407784
9600.00000000 -2.18632792 0.63583195 0.04738964 -2.86954951
9700.00000000 -2.18494473 0.62178826 0.04758324 -2.85431623
9800.00000000 -2.19739354 0.62804425 0.05049586 -2.87593365
9900.00000000 -2.17792747 0.64507258 0.04912057 -2.87212062
10000.00000000 -2.20778811 0.64338773 0.05271834 -2.90389419
10100.00000000 -2.20745236 0.64975619 0.05253070 -2.90973926
10200.00000000 -2.18828457 0.64479792 0.05484814 -2.88793063
10300.00000000 -2.21240259 0.65055090 0.05312960 -2.91608310
10400.00000000 -2.19690374 0.64146584 0.05382135 -2.89219093
10500.00000000 -2.21407557 0.66001934 0.05554944 -2.92964435
10600.00000000 -2.20974464 0.64642262 0.05629115 -2.91245842
10700.00000000 -2.21838567 0.65761584 0.05700907 -2.93301058
10800.00000000 -2.20746435 0.64762020 0.05602251 -2.91110706
10900.00000000 -2.21277959 0.64888465 0.05780702 -2.91947126
11000.00000000 -2.23279117 0.67168927 0.06132723 -2.96580768
11100.00000000 -2.23020072 0.66073859 0.05895059 -2.94988990
11200.00000000 -2.20794037 0.64397532 0.05871860 -2.91063428
11300.00000000 -2.24122396 0.66678780 0.06158462 -2.96959639
11400.00000000 -2.22905973 0.66257912 0.06273523 -2.95437407
11500.00000000 -2.25034656 0.67056000 0.06251810 -2.98342466
11600.00000000 -2.21590275 0.68578857 0.06307017 -2.96476150
11700.00000000 -2.22296541 0.64650160 0.06147600 -2.93094301
11800.00000000 -2.23848348 0.67583793 0.06163264 -2.97595406
11900.00000000 -2.24424179 0.66610217 0.06275909 -2.97310305
12000.00000000 -2.24224521 0.68660170 0.06526916 -2.99411607
12100.00000000 -2.24268054 0.65912294 0.06211544 -2.96391892
12200.00000000 -2.20269341 0.66700649 0.06367808 -2.93337798
12300.00000000 -2.21698300 0.64705443 0.05813869 -2.92217612
12400.00000000 -2.23787532 0.67898405 0.06652739 -2.98338675
12500.00000000 -2.25479992 0.67237371 0.06734036 -2.99451399
12600.00000000 -2.26269620 0.68504173 0.06920601 -3.01694393
12700.00000000 -2.24002516 0.63588107 0.06100179 -2.93690801
12800.00000000 -2.23289923 0.67270231 0.06594272 -2.97154427
12900.00000000 -2.24532723 0.66897279 0.06802887 -2.98232889
13000.00000000 -2.25026602 0.67679387 0.07151389 -2.99857378
13100.00000000 -2.25626501 0.68568653 0.07197783 -3.01392937
13200.00000000 -2.26152893 0.67131567 0.06396536 -2.99680996
13300.00000000 -2.26036293 0.68308437 0.07288700 -3.01633430
13400.00000000 -2.26162969 0.68362248 0.07292296 -3.01817513
13500.00000000 -2.26362893 0.70009148 0.07411900 -3.03783941
13600.00000000 -2.25186229 0.67949688 0.07188690 -3.00324607
13700.00000000 -2.24562079 0.67447054 0.06934148 -2.98943281
13800.00000000 -2.25161355 0.71346027 0.07463694 -3.03971076
13900.00000000 -2.25045337 0.69184071 0.07436280 -3.01665688
14000.00000000 -2.26537738 0.69151068 0.07094493 -3.02783298
14100.00000000 -2.26191214 0.69022626 0.07591942 -3.02805781
14200.00000000 -2.26321645 0.68792933 0.07554041 -3.02668619
14300.00000000 -2.26829872 0.68637419 0.07579699 -3.03046989
14400.00000000 -2.26622766 0.70115542 0.07478220 -3.04216528
14500.00000000 -2.27066725 0.69082677 0.07464022 -3.03613424
14600.00000000 -2.26705489 0.67765844 0.07404973 -3.01876307
14700.00000000 -2.23953237 0.67180610 0.06950245 -2.98084092
14800.00000000 -2.22176269 0.67379832 0.06503697 -2.96059799
14900.00000000 -2.26963848 0.68791157 0.07543087 -3.03298092
15000.00000000 -2.26940329 0.69610703 0.07878904 -3.04429936
15100.00000000 -2.27566506 0.69286436 0.07900028 -3.04752970
15200.00000000 -2.21189401 0.66966689 0.06245461 -2.94401550
15300.00000000 -2.22376513 0.67853707 0.06360155 -2.96590376
15400.00000000 -2.26064517 0.68882328 0.07255689 -3.02202535
15500.00000000 -2.27809012 0.69787341 0.08086759 -3.05683112
15600.00000000 -2.27976821 0.69826281 0.07986893 -3.05789995
15700.00000000 -2.26498622 0.69090575 0.08080661 -3.03669858
15800.00000000 -2.24983801 0.70456326 0.07335232 -3.02775359
15900.00000000 -2.25284208 0.66864043 0.07031803 -2.99180055
16000.00000000 -2.25764307 0.69727170 0.07747678 -3.03239155
16100.00000000 -2.27181512 0.69259536 0.07818371 -3.04259419
16200.00000000 -2.27861060 0.69952404 0.08286808 -3.06100273
16300.00000000 -2.27946877 0.70083266 0.08274168 -3.06304312
16400.00000000 -2.27716568 0.69302386 0.08135322 -3.05154276
16500.00000000 -2.28225604 0.70209426 0.08316579 -3.06751609
16600.00000000 -2.18753057 0.62937421 0.06203390 -2.87893867
16700.00000000 -2.26508969 0.68746233 0.08077031 -3.03332233
16800.00000000 -2.25879546 0.72203934 0.08038751 -3.06122231
16900.00000000 -2.27291773 0.69800639 0.08446123 -3.05538535
17000.00000000 -2.29156613 0.70329404 0.08293033 -3.07779050
17100.00000000 -2.28405209 0.70545888 0.08446650 -3.07397747
17200.00000000 -2.20929795 0.69096631 0.07121135 -2.97147560
17300.00000000 -2.21889061 0.68757874 0.06837940 -2.97484875
17400.00000000 -2.19679160 0.70316952 0.06911933 -2.96908045
17500.00000000 -2.27816477 0.69947058 0.08593301 -3.06356835
17600.00000000 -2.27888205 0.70059699 0.08392099 -3.06340003
17700.00000000 -2.24389331 0.68080032 0.07830377 -3.00299740
17800.00000000 -2.27494489 0.68573219 0.07951028 -3.04018736
17900.00000000 -2.28273416 0.70081586 0.08580095 -3.06935096
18000.00000000 -2.29069231 0.70578974 0.08665975 -3.08314180
18100.00000000 -2.29058455 0.70430279 0.08614136 -3.08102870
18200.00000000 -2.29131751 0.70105970 0.08557828 -3.07795548
18300.00000000 -2.26240365 0.72727418 0.08486588 -3.07454371
18400.00000000 -2.26541183 0.69461858 0.08172765 -3.04175806
18500.00000000 -2.25959703 0.69683069 0.07913598 -3.03556371
18600.00000000 -2.27137566 0.71473974 0.08484822 -3.07096362
18700.00000000 -2.29094139 0.70829183 0.08849861 -3.08773184
18800.00000000 -2.28913911 0.70602083 0.08767121 -3.08283114
18900.00000000 -2.28375997 0.70253134 0.08817135 -3.07446265
19000.00000000 -2.28219038 0.70625871 0.08972406 -3.07817316
19100.00000000 -2.25926747 0.70967859 0.08397166 -3.05291772
19200.00000000 -2.29556080 0.70758927 0.08741490 -3.09056497
19300.00000000 -2.28047825 0.70332670 0.08887814 -3.07268310
19400.00000000 -2.27188879 0.69941109 0.08905816 -3.06035805
19500.00000000 -2.24317314 0.66932720 0.07185582 -2.98435616
19600.00000000 -2.25588652 0.70001262 0.07761464 -3.03351378
19700.00000000 -2.29417507 0.70617265 0.08815541 -3.08850312
19800.00000000 -2.29003540 0.71092355 0.09020969 -3.09116864
19900.00000000 -2.24950117 0.68041062 0.07210928 -3.00202107
20000.00000000 -2.25406742 0.68740553 0.07392627 -3.01539922
20100.00000000 -2.22894040 0.65605420 0.07216992 -2.95716453
20200.00000000 -2.23963913 0.71090639 0.08340815 -3.03395367
20300.00000000 -2.27389068 0.70614535 0.08836865 -3.06840467
20400.00000000 -2.28015927 0.70319718 0.08762314 -3.07097960
20500.00000000 -2.24497022 0.75265217 0.08076773 -3.07839012
20600.00000000 -2.23992295 0.67884368 0.07193386 -2.99070048
20700.00000000 -2.29244133 0.70841891 0.09024785 -3.09110808
20800.00000000 -2.28884839 0.70330840 0.08960195 -3.08175874
20900.00000000 -2.25006079 0.72898376 0.07747234 -3.05651689
21000.00000000 -2.25628334 0.67333436 0.07847327 -3.00809097
21100.00000000 -2.26520452 0.69655782 0.08500394 -3.04676628
21200.00000000 -2.29343268 0.71169388 0.09211531 -3.09724188
21300.00000000 -2.29819000 0.71133637 0.09111607 -3.10064244
21400.00000000 -2.28601072 0.71204156 0.09337767 -3.09142995
21500.00000000 -2.29008415 0.71084297 0.08977184 -3.09069896
21600.00000000 -2.27560534 0.70186496 0.08358990 -3.06106019
21700.00000000 -2.26654722 0.71981156 0.08901058 -3.07536936
21800.00000000 -2.24645509 0.71855950 0.08872353 -3.05373812
21900.00000000 -2.28737548 0.70927662 0.09382346 -3.09047556
22000.00000000 -2.29576755 0.71015418 0.09216535 -3.09808707
22100.00000000 -2.29620963 0.71336496 0.09322339 -3.10279799
22200.00000000 -2.24046103 0.68987417 0.07488450 -3.00521970
22300.00000000 -2.27728610 0.75172156 0.08714724 -3.11615491
22400.00000000 -2.28125574 0.70806676 0.09521929 -3.08454180
22500.00000000 -2.28646946 0.71029872 0.09394008 -3.09070826
22600.00000000 -2.29051000 0.70809621 0.09353209 -3.09213829
22700.00000000 -2.24287976 0.72602189 0.07623766 -3.04513931
22800.00000000 -2.28569718 0.72606832 0.09728025 -3.10904574
22900.00000000 -2.24645749 0.72749233 0.08662947 -3.06057930
23000.00000000 -2.26386070 0.73907650 0.08772314 -3.09066033
23100.00000000 -2.30152773 0.71560711 0.09462602 -3.11176085
23200.00000000 -2.29695154 0.71391672 0.09354287 -3.10441113
23300.00000000 -2.28585081 0.71123123 0.09669013 -3.09377217
23400.00000000 -2.29037962 0.71238029 0.09501817 -3.09777808
23500.00000000 -2.28477394 0.73297036 0.09142948 -3.10917377
23600.00000000 -2.28108150 0.69799626 0.08941537 -3.06849313
23700.00000000 -2.26316626 0.66822308 0.08303379 -3.01442313
23800.00000000 -2.28967934 0.71098310 0.09618009 -3.09684253
23900.00000000 -2.28540213 0.71111327 0.09548222 -3.09199762
24000.00000000 -2.25200354 0.72274423 0.08477844 -3.05952621
