100.00000000 -0.31222618 0.00136395 0.00020243 -0.31379256
200.00000000 -0.44229192 0.00548878 0.00042084 -0.44820154
300.00000000 -0.56697104 0.01230464 0.00070237 -0.57997805
400.00000000 -0.68126596 0.02539996 0.00104875 -0.70771468
500.00000000 -0.78048885 0.04722347 0.00143275 -0.82914507
600.00000000 -0.86234891 0.07851061 0.00184343 -0.94270295
700.00000000 -0.91793437 0.11599791 0.00225048 -1.03618276
800.00000000 -0.95952968 0.15818888 0.00263300 -1.12035155
900.00000000 -0.98754125 0.20113340 0.00296287 -1.19163752
1000.00000000 -1.00637298 0.24096256 0.00324166 -1.25057721
1100.00000000 -1.00752381 0.27100977 0.00344634 -1.28197992
1200.00000000 -1.01203817 0.29462573 0.00358531 -1.31024921
1300.00000000 -1.01486038 0.31212386 0.00368182 -1.33066607
1400.00000000 -1.01721625 0.32364196 0.00376393 -1.34462214
1500.00000000 -1.01675141 0.32952446 0.00379425 -1.35007012
1600.00000000 -1.01095937 0.33166417 0.00381593 -1.34643948
1700.00000000 -1.01648187 0.33483011 0.00381190 -1.35512388
1800.00000000 -1.01919349 0.33632162 0.00381613 -1.35933125
1900.00000000 -1.01403099 0.33617964 0.00383678 -1.35404742
2000.00000000 -1.01376711 0.33509398 0.00382044 -1.35268152
2100.00000000 -1.01730884 0.33745694 0.00383293 -1.35859871
2200.00000000 -1.02158780 0.33785322 0.00382366 -1.36326468
2300.00000000 -1.02058182 0.33817947 0.00382867 -1.36258996
2400.00000000 -1.01636378 0.33606276 0.00383233 -1.35625887
2500.00000000 -1.02116370 0.33868092 0.00384349 -1.36368811
2600.00000000 -1.02100551 0.33620104 0.00384060 -1.36104715
2700.00000000 -1.01099623 0.33547691 0.00384684 -1.35031998
2800.00000000 -1.01461246 0.33529648 0.00382913 -1.35373807
2900.00000000 -1.01858483 0.33876422 0.00382374 -1.36117280
3000.00000000 -1.01486795 0.33599439 0.00383668 -1.35469902
3100.00000000 -1.01896213 0.33763945 0.00383057 -1.36043215
3200.00000000 -1.01367205 0.33571279 0.00383134 -1.35321617
3300.00000000 -1.01827601 0.33758193 0.00382783 -1.35968578
3400.00000000 -1.01175654 0.33524182 0.00384257 -1.35084093
3500.00000000 -1.01546769 0.33618405 0.00384479 -1.35549653
3600.00000000 -1.01322441 0.33540282 0.00384771 -1.35247493
3700.00000000 -1.01349115 0.33703718 0.00385287 -1.35438120
3800.00000000 -1.01099695 0.33454534 0.00384725 -1.34938955
3900.00000000 -1.01740409 0.33707508 0.00383785 -1.35831702
4000.00000000 -1.01750523 0.33712232 0.00383979 -1.35846734
4100.00000000 -1.01010952 0.33492675 0.00383317 -1.34886944
4200.00000000 -1.01784610 0.33601677 0.00384320 -1.35770607
4300.00000000 -1.01756427 0.33720186 0.00382817 -1.35859430
4400.00000000 -1.01616498 0.33611858 0.00384776 -1.35613132
4500.00000000 -1.01772498 0.33605424 0.00384138 -1.35762060
4600.00000000 -1.01938184 0.33711886 0.00383083 -1.36033154
4700.00000000 -1.01292913 0.33494201 0.00384251 -1.35171366
4800.00000000 -1.02086083 0.33616692 0.00383319 -1.36086094
4900.00000000 -1.01522382 0.33558327 0.00384818 -1.35465527
5000.00000000 -1.01969664 0.33610937 0.00383959 -1.35964561
5100.00000000 -1.01890449 0.33645719 0.00385190 -1.35921359
5200.00000000 -1.04608512 0.28936407 0.00425771 -1.33970690
5300.00000000 -1.10755777 0.25090304 0.00450931 -1.36297011
5400.00000000 -1.13645865 0.27349395 0.00512545 -1.41507804
5500.00000000 -1.15935549 0.27237734 0.00544649 -1.43717933
5600.00000000 -1.18095660 0.30833355 0.00598953 -1.49527967
5700.00000000 -1.18217949 0.29398182 0.00624805 -1.48240936
5800.00000000 -1.20285272 0.30248722 0.00646308 -1.51180303
5900.00000000 -1.21273800 0.32638162 0.00690029 -1.54601991
6000.00000000 -1.21853455 0.32270998 0.00713454 -1.54837906
6100.00000000 -1.22308969 0.31508452 0.00728352 -1.54545772
6200.00000000 -1.23200538 0.32935336 0.00767858 -1.56903732
6300.00000000 -1.23740568 0.33445510 0.00783826 -1.57969904
6400.00000000 -1.24572874 0.33172125 0.00797730 -1.58542728
6500.00000000 -1.24893041 0.33424479 0.00821684 -1.59139204
6600.00000000 -1.25795144 0.33829051 0.00842368 -1.60466564
6700.00000000 -1.25617376 0.33978367 0.00877723 -1.60473466
6800.00000000 -1.26389306 0.35101438 0.00894577 -1.62385321
6900.00000000 -1.27035181 0.34334433 0.00906153 -1.62275767
7000.00000000 -1.26871378 0.35542998 0.00943419 -1.63357794
7100.00000000 -1.27598341 0.35766733 0.00929920 -1.64294994
7200.00000000 -1.27811698 0.35798910 0.00979607 -1.64590216
7300.00000000 -1.28079383 0.35881460 0.00985701 -1.64946544
7400.00000000 -1.28396065 0.35926864 0.00989243 -1.65312171
7500.00000000 -1.29236410 0.36094639 0.01009506 -1.66340554
7600.00000000 -1.29834036 0.36728102 0.01035299 -1.67597437
7700.00000000 -1.29147810 0.36474764 0.01042956 -1.66665530
7800.00000000 -1.29494764 0.36351499 0.01049543 -1.66895807
7900.00000000 -1.29846600 0.36858061 0.01085573 -1.67790234
8000.00000000 -1.29821482 0.36615890 0.01073542 -1.67510915
8100.00000000 -1.30448481 0.37609518 0.01135150 -1.69193149
8200.00000000 -1.30391173 0.37047473 0.01135474 -1.68574119
8300.00000000 -1.31511622 0.37976265 0.01140041 -1.70627928
8400.00000000 -1.30604452 0.37717867 0.01136094 -1.69458413
8500.00000000 -1.31658638 0.38043904 0.01185989 -1.70888531
8600.00000000 -1.31586569 0.39004532 0.01222018 -1.71813118
8700.00000000 -1.31469225 0.38039851 0.01215805 -1.70724881
8800.00000000 -1.31326304 0.38355234 0.01255940 -1.70937479
8900.00000000 -1.32326947 0.38191202 0.01237499 -1.71755648
9000.00000000 -1.31924848 0.38499656 0.01277439 -1.71701944
9100.00000000 -1.32303089 0.38741115 0.01245585 -1.72289789
9200.00000000 -1.31885037 0.38209879 0.01273611 -1.71368527
9300.00000000 -1.32838985 0.39320531 0.01335061 -1.73494577
9400.00000000 -1.32866334 0.38578612 0.01317520 -1.72762465
9500.00000000 -1.32703949 0.38703680 0.01346241 -1.72753870
9600.00000000 -1.32499338 0.39203319 0.01376620 -1.73079276
9700.00000000 -1.33635179 0.39989656 0.01363805 -1.74988639
9800.00000000 -1.33236663 0.38557473 0.01332502 -1.73126638
9900.00000000 -1.33484372 0.39307007 0.01399082 -1.74190462
10000.00000000 -1.33121251 0.40168250 0.01409496 -1.74698997
10100.00000000 -1.34584124 0.40180379 0.01448582 -1.76213086
10200.00000000 -1.33379615 0.40423873 0.01421770 -1.75225258
10300.00000000 -1.34376758 0.40261355 0.01488034 -1.76126146
10400.00000000 -1.34236763 0.40116704 0.01463439 -1.75816905
10500.00000000 -1.34552161 0.40534568 0.01503428 -1.76590157
10600.00000000 -1.34284041 0.40523398 0.01521006 -1.76328444
10700.00000000 -1.34857787 0.40095633 0.01505391 -1.76458812
10800.00000000 -1.35376585 0.40571016 0.01517516 -1.77465117
10900.00000000 -1.35067076 0.40590936 0.01464223 -1.77122235
11000.00000000 -1.35148444 0.40679100 0.01575274 -1.77402818
11100.00000000 -1.34899495 0.40244746 0.01572814 -1.76717055
11200.00000000 -1.35180503 0.40887725 0.01594859 -1.77663088
11300.00000000 -1.34964701 0.40567046 0.01547095 -1.77078843
11400.00000000 -1.35323632 0.40921342 0.01629817 -1.77874792
11500.00000000 -1.35718161 0.41173813 0.01627275 -1.78519249
11600.00000000 -1.34597083 0.42843136 0.01627667 -1.79067886
11700.00000000 -1.35419784 0.40734977 0.01639863 -1.77794623
11800.00000000 -1.35588258 0.41026664 0.01685555 -1.78300476
11900.00000000 -1.35378439 0.41101620 0.01721855 -1.78201914
12000.00000000 -1.35673240 0.41403979 0.01752617 -1.78829837
12100.00000000 -1.36884383 0.42326951 0.01661440 -1.80872774
12200.00000000 -1.35487235 0.41030237 0.01769712 -1.78287184
12300.00000000 -1.35982319 0.41359100 0.01705653 -1.79047072
12400.00000000 -1.36872755 0.41422638 0.01735215 -1.80030608
12500.00000000 -1.36277737 0.41834044 0.01713501 -1.79825282
12600.00000000 -1.36172232 0.41556180 0.01789740 -1.79518151
12700.00000000 -1.36572592 0.41408953 0.01786362 -1.79767907
12800.00000000 -1.36678430 0.41834217 0.01787314 -1.80299962
12900.00000000 -1.35155123 0.39855447 0.01616672 -1.76627243
13000.00000000 -1.37017261 0.41969892 0.01776342 -1.80763495
13100.00000000 -1.36502954 0.41445464 0.01821551 -1.79769969
13200.00000000 -1.37236354 0.41875100 0.01846232 -1.80957687
13300.00000000 -1.37282901 0.41803765 0.01870579 -1.80957246
13400.00000000 -1.36754556 0.41590524 0.01862566 -1.80207646
13500.00000000 -1.36914963 0.41679344 0.01850339 -1.80444646
13600.00000000 -1.36678584 0.42029223 0.01842971 -1.80550778
13700.00000000 -1.37023655 0.41885546 0.01911169 -1.80820370
13800.00000000 -1.37192163 0.42087650 0.01908258 -1.81188071
13900.00000000 -1.37018924 0.42192379 0.01938383 -1.81149685
14000.00000000 -1.36888297 0.42230162 0.01967628 -1.81086087
14100.00000000 -1.37379690 0.41911647 0.01933642 -1.81224978
14200.00000000 -1.35722544 0.41979381 0.01771319 -1.79473245
14300.00000000 -1.37732588 0.41919249 0.01926155 -1.81577992
14400.00000000 -1.37752586 0.42413151 0.02005512 -1.82171249
14500.00000000 -1.37580098 0.42415151 0.02032484 -1.82027733
14600.00000000 -1.35017148 0.43057498 0.01948917 -1.80023563
14700.00000000 -1.37075714 0.42729363 0.01998149 -1.81803226
14800.00000000 -1.38045492 0.42500800 0.01935020 -1.82481313
14900.00000000 -1.37372679 0.42332935 0.02036565 -1.81742179
15000.00000000 -1.37434631 0.42395052 0.02091751 -1.81921434
15100.00000000 -1.37860902 0.42617077 0.02079068 -1.82557046
15200.00000000 -1.37556096 0.42819011 0.02057008 -1.82432115
15300.00000000 -1.37189572 0.43817705 0.02133752 -1.83141029
15400.00000000 -1.36790662 0.42368594 0.01978520 -1.81137776
15500.00000000 -1.37801927 0.42574432 0.02094451 -1.82470810
15600.00000000 -1.38195693 0.42937803 0.02151156 -1.83284652
15700.00000000 -1.37863740 0.42915586 0.02146590 -1.82925916
15800.00000000 -1.37438710 0.44780117 0.02142356 -1.84361184
15900.00000000 -1.37044422 0.42723703 0.02065833 -1.81833959
16000.00000000 -1.37490746 0.42783099 0.02173398 -1.82447243
16100.00000000 -1.38136686 0.43017742 0.02218260 -1.83372688
16200.00000000 -1.37640850 0.42467842 0.02118837 -1.82227528
16300.00000000 -1.37526236 0.42402706 0.02113681 -1.82042623
16400.00000000 -1.38367123 0.43160647 0.02213692 -1.83741462
16500.00000000 -1.38064422 0.43448603 0.02130233 -1.83643258
16600.00000000 -1.38726588 0.43158761 0.02201510 -1.84086859
16700.00000000 -1.37270189 0.42314929 0.01959007 -1.81544125
16800.00000000 -1.37835664 0.42393076 0.02121895 -1.82350636
16900.00000000 -1.38721715 0.43061617 0.02247022 -1.84030354
17000.00000000 -1.38224159 0.43050680 0.02225046 -1.83499885
17100.00000000 -1.38045936 0.43057624 0.02256815 -1.83360374
17200.00000000 -1.38341629 0.43034843 0.02281055 -1.83657527
17300.00000000 -1.38779731 0.43168756 0.02272613 -1.84221101
17400.00000000 -1.38209836 0.42630389 0.02182179 -1.83022404
17500.00000000 -1.38504225 0.42750284 0.02158794 -1.83413303
17600.00000000 -1.37878247 0.43279085 0.02347536 -1.83504868
17700.00000000 -1.38505935 0.42898163 0.02301470 -1.83705568
17800.00000000 -1.38751589 0.43203646 0.02294536 -1.84249771
17900.00000000 -1.38827439 0.43200421 0.02302913 -1.84330773
18000.00000000 -1.38917046 0.43462375 0.02317635 -1.84697056
18100.00000000 -1.38509456 0.43196040 0.02313437 -1.84018934
18200.00000000 -1.36864649 0.43317163 0.02085806 -1.82267618
18300.00000000 -1.38698205 0.43096873 0.02346641 -1.84141719
18400.00000000 -1.39402338 0.43773550 0.02393791 -1.85569680
18500.00000000 -1.36597705 0.44573921 0.02115744 -1.83287370
18600.00000000 -1.39262649 0.43133476 0.02289105 -1.84685230
18700.00000000 -1.39016573 0.43595514 0.02446817 -1.85058904
18800.00000000 -1.37214546 0.44774380 0.02250008 -1.84238935
18900.00000000 -1.38478910 0.43269664 0.02419979 -1.84168553
19000.00000000 -1.38701498 0.43155327 0.02430019 -1.84286845
19100.00000000 -1.39171523 0.43778646 0.02397424 -1.85347593
19200.00000000 -1.38744921 0.42988014 0.02408987 -1.84141922
19300.00000000 -1.38805767 0.43725264 0.02357368 -1.84888399
19400.00000000 -1.38225255 0.44033152 0.02364620 -1.84623027
19500.00000000 -1.38906198 0.43416342 0.02459440 -1.84781981
19600.00000000 -1.39125557 0.43786201 0.02462764 -1.85374522
19700.00000000 -1.39056423 0.43240505 0.02360979 -1.84657907
19800.00000000 -1.39246727 0.44347468 0.02437850 -1.86032045
19900.00000000 -1.38455902 0.43436107 0.02337711 -1.84229720
20000.00000000 -1.39469068 0.43725538 0.02489920 -1.85684526
20100.00000000 -1.38950789 0.43750101 0.02528674 -1.85229564
20200.00000000 -1.39269124 0.43520945 0.02427860 -1.85217929
20300.00000000 -1.39208948 0.43665460 0.02507374 -1.85381782
20400.00000000 -1.39552227 0.44088352 0.02525171 -1.86165750
20500.00000000 -1.35272464 0.40603608 0.02048048 -1.77924120
20600.00000000 -1.39323649 0.43615013 0.02523001 -1.85461664
20700.00000000 -1.39802936 0.43830344 0.02495611 -1.86128891
20800.00000000 -1.36942945 0.42404389 0.02001323 -1.81348658
20900.00000000 -1.39127244 0.43597069 0.02447541 -1.85171854
21000.00000000 -1.39002946 0.43562245 0.02540585 -1.85105777
21100.00000000 -1.39172483 0.43548265 0.02530821 -1.85251570
21200.00000000 -1.35724829 0.40391651 0.02081512 -1.78197992
21300.00000000 -1.36763684 0.42285275 0.02031644 -1.81080604
21400.00000000 -1.39409139 0.43750176 0.02628709 -1.85788023
21500.00000000 -1.39304351 0.43809897 0.02556867 -1.85671115
21600.00000000 -1.39012455 0.43529132 0.02581880 -1.85123467
21700.00000000 -1.38962860 0.44107375 0.02555294 -1.85625529
21800.00000000 -1.38015015 0.43232906 0.02238541 -1.83486462
21900.00000000 -1.38939765 0.43436420 0.02420041 -1.84796226
22000.00000000 -1.39366710 0.44941694 0.02706391 -1.87014794
