100.00000000 -0.11113963 0.01072976 0.00020085 -0.12207023
200.00000000 -0.13201649 0.03124926 0.00036095 -0.16362670
300.00000000 -0.14005983 0.04260224 0.00045241 -0.18311448
400.00000000 -0.14244482 0.04584907 0.00048119 -0.18877508
500.00000000 -0.14251718 0.04722419 0.00049166 -0.19023304
600.00000000 -0.14319563 0.04750298 0.00048961 -0.19118823
700.00000000 -0.14752986 0.03603285 0.00051407 -0.18407679
800.00000000 -0.16125430 0.03844352 0.00066029 -0.20035811
900.00000000 -0.16707667 0.04396136 0.00078345 -0.21182148
1000.00000000 -0.17040672 0.04648767 0.00090531 -0.21779971
1100.00000000 -0.17371156 0.04786184 0.00098124 -0.22255464
1200.00000000 -0.17582341 0.04849283 0.00109155 -0.22540779
1300.00000000 -0.17739954 0.04968009 0.00116314 -0.22824277
1400.00000000 -0.17928579 0.05026467 0.00122104 -0.23077150
1500.00000000 -0.18005611 0.05045370 0.00129092 -0.23180073
1600.00000000 -0.18200558 0.05262649 0.00137676 -0.23600882
1700.00000000 -0.18158056 0.05408398 0.00144853 -0.23711307
1800.00000000 -0.18260920 0.05497484 0.00150745 -0.23909149
1900.00000000 -0.18405428 0.05386480 0.00154164 -0.23946072
2000.00000000 -0.18452772 0.05587521 0.00163681 -0.24203974
2100.00000000 -0.18456898 0.05575773 0.00163887 -0.24196558
2200.00000000 -0.18537323 0.05616577 0.00162972 -0.24316871
2300.00000000 -0.18601891 0.05817269 0.00176427 -0.24595587
2400.00000000 -0.18679239 0.05601558 0.00181599 -0.24462396
2500.00000000 -0.18740731 0.05624469 0.00190394 -0.24555594
2600.00000000 -0.18799031 0.05693178 0.00193931 -0.24686140
2700.00000000 -0.18843914 0.05717867 0.00195883 -0.24757664
2800.00000000 -0.18834063 0.05665512 0.00202185 -0.24701761
2900.00000000 -0.18830049 0.05860953 0.00192201 -0.24883203
3000.00000000 -0.18884513 0.05711358 0.00207846 -0.24803717
3100.00000000 -0.18930413 0.05778265 0.00219341 -0.24928018
3200.00000000 -0.18928233 0.05744588 0.00210560 -0.24883382
3300.00000000 -0.18826572 0.05620306 0.00199434 -0.24646312
3400.00000000 -0.19073201 0.05853912 0.00225434 -0.25152546
3500.00000000 -0.19043408 0.05862239 0.00234809 -0.25140455
3600.00000000 -0.19020415 0.05771332 0.00220686 -0.25012434
3700.00000000 -0.19090212 0.05838653 0.00239875 -0.25168741
3800.00000000 -0.19124636 0.06007759 0.00245739 -0.25378135
3900.00000000 -0.18997794 0.05706534 0.00228167 -0.24932495
4000.00000000 -0.18960493 0.06127376 0.00237927 -0.25325796
4100.00000000 -0.19040715 0.05637254 0.00244464 -0.24922433
4200.00000000 -0.19072009 0.06355812 0.00249073 -0.25676894
4300.00000000 -0.19111091 0.05903548 0.00240859 -0.25255498
4400.00000000 -0.19274482 0.05987536 0.00265799 -0.25527817
4500.00000000 -0.19233067 0.06021494 0.00276213 -0.25530773
4600.00000000 -0.19106059 0.06017336 0.00273101 -0.25396496
4700.00000000 -0.18997772 0.06046368 0.00266492 -0.25310633
4800.00000000 -0.19118774 0.06130416 0.00253852 -0.25503042
4900.00000000 -0.19143101 0.06268890 0.00286247 -0.25698239
5000.00000000 -0.19332500 0.06116815 0.00292134 -0.25741449
5100.00000000 -0.19321909 0.06070618 0.00296687 -0.25689214
5200.00000000 -0.19355291 0.06072301 0.00295940 -0.25723532
5300.00000000 -0.19164976 0.05899866 0.00267185 -0.25332028
5400.00000000 -0.19036785 0.06245682 0.00267836 -0.25550303
5500.00000000 -0.19421488 0.06109473 0.00310117 -0.25841078
5600.00000000 -0.19363736 0.06056408 0.00305483 -0.25725627
5700.00000000 -0.19293998 0.06251258 0.00321458 -0.25866714
5800.00000000 -0.19399653 0.06106745 0.00320103 -0.25826502
5900.00000000 -0.19394702 0.06134194 0.00318813 -0.25847709
6000.00000000 -0.18926839 0.05878125 0.00226219 -0.25031182
6100.00000000 -0.19334821 0.06163291 0.00316123 -0.25814235
6200.00000000 -0.19415807 0.06077705 0.00324097 -0.25817609
6300.00000000 -0.18362053 0.05455124 0.00215401 -0.24032578
6400.00000000 -0.19474924 0.06225181 0.00334243 -0.26034349
6500.00000000 -0.19425147 0.06138726 0.00326138 -0.25890011
6600.00000000 -0.19412234 0.06128841 0.00338365 -0.25879440
6700.00000000 -0.19046772 0.06174921 0.00317217 -0.25538909
6800.00000000 -0.19482481 0.06117314 0.00327179 -0.25926974
6900.00000000 -0.18973889 0.05684336 0.00261954 -0.24920179
7000.00000000 -0.19339071 0.06095573 0.00315558 -0.25750202
7100.00000000 -0.19493243 0.06179690 0.00347530 -0.26020464
7200.00000000 -0.19430738 0.06175038 0.00351669 -0.25957444
7300.00000000 -0.19420903 0.06156600 0.00355723 -0.25933227
7400.00000000 -0.19038088 0.06128826 0.00312382 -0.25479296
7500.00000000 -0.19131673 0.06395152 0.00317591 -0.25844416
7600.00000000 -0.19431318 0.06162934 0.00333482 -0.25927734
7700.00000000 -0.19473443 0.06162998 0.00364202 -0.26000643
7800.00000000 -0.19471685 0.06197232 0.00362047 -0.26030964
7900.00000000 -0.19448960 0.06219805 0.00368079 -0.26036844
8000.00000000 -0.18746849 0.06182277 0.00233631 -0.25162756
8100.00000000 -0.19422857 0.06171855 0.00334712 -0.25929424
8200.00000000 -0.19522726 0.06240338 0.00356668 -0.26119733
8300.00000000 -0.19547996 0.06233544 0.00378441 -0.26159981
8400.00000000 -0.18242787 0.06219866 0.00207178 -0.24669832
8500.00000000 -0.19407757 0.06218152 0.00331797 -0.25957707
8600.00000000 -0.18972724 0.06114503 0.00281627 -0.25368854
8700.00000000 -0.19529437 0.06222035 0.00382528 -0.26133999
8800.00000000 -0.19510848 0.06227006 0.00381903 -0.26119757
8900.00000000 -0.18981180 0.05854018 0.00246576 -0.25081775
9000.00000000 -0.19450397 0.06054200 0.00326137 -0.25830734
9100.00000000 -0.19446192 0.06267000 0.00357098 -0.26070291
9200.00000000 -0.19518273 0.06228617 0.00392441 -0.26139331
9300.00000000 -0.19531032 0.06185285 0.00383522 -0.26099840
9400.00000000 -0.19502512 0.06229233 0.00383884 -0.26115629
9500.00000000 -0.19520563 0.06217819 0.00381798 -0.26120180
9600.00000000 -0.19340033 0.06781636 0.00356084 -0.26477754
9700.00000000 -0.19395085 0.06127124 0.00331783 -0.25853992
9800.00000000 -0.19494017 0.06249902 0.00376314 -0.26120234
9900.00000000 -0.19527566 0.06153425 0.00365491 -0.26046482
10000.00000000 -0.19508175 0.06223157 0.00394194 -0.26125526
10100.00000000 -0.19573634 0.06253987 0.00401060 -0.26228681
10200.00000000 -0.19534510 0.06238259 0.00399545 -0.26172313
10300.00000000 -0.19579813 0.06259314 0.00405293 -0.26244420
10400.00000000 -0.19655134 0.06285474 0.00400001 -0.26340610
10500.00000000 -0.19538021 0.06242717 0.00407949 -0.26188686
10600.00000000 -0.19595029 0.06265399 0.00408868 -0.26269296
10700.00000000 -0.19636867 0.06280278 0.00406373 -0.26323518
10800.00000000 -0.19547134 0.06249543 0.00409718 -0.26206395
10900.00000000 -0.19643041 0.06282041 0.00405809 -0.26330891
11000.00000000 -0.19530991 0.06245156 0.00412134 -0.26188281
11100.00000000 -0.19558705 0.06260580 0.00411476 -0.26230761
11200.00000000 -0.19548339 0.06272982 0.00416769 -0.26238090
11300.00000000 -0.19583159 0.06265998 0.00409965 -0.26259121
11400.00000000 -0.19490869 0.06270896 0.00414414 -0.26176178
11500.00000000 -0.19586516 0.06287725 0.00416929 -0.26291171
11600.00000000 -0.19572280 0.06279396 0.00414172 -0.26265848
11700.00000000 -0.19646113 0.06309997 0.00415099 -0.26371208
11800.00000000 -0.19529386 0.06254452 0.00419771 -0.26203609
11900.00000000 -0.19567731 0.06275970 0.00420838 -0.26264539
12000.00000000 -0.19572430 0.06298613 0.00422524 -0.26293567
12100.00000000 -0.19612642 0.06301979 0.00413969 -0.26328591
12200.00000000 -0.19559666 0.06257662 0.00417180 -0.26234508
12300.00000000 -0.19607847 0.06292710 0.00415925 -0.26316482
12400.00000000 -0.19614067 0.06304210 0.00426563 -0.26344839
12500.00000000 -0.19463319 0.06017559 0.00362185 -0.25843063
12600.00000000 -0.19489752 0.06164728 0.00395038 -0.26049519
12700.00000000 -0.19617100 0.06288697 0.00432795 -0.26338592
12800.00000000 -0.19520507 0.06253841 0.00432518 -0.26206866
12900.00000000 -0.19567768 0.06274511 0.00433865 -0.26276144
13000.00000000 -0.19660169 0.06299709 0.00427462 -0.26387340
13100.00000000 -0.19635640 0.06292327 0.00429368 -0.26357335
13200.00000000 -0.19624894 0.06290505 0.00431550 -0.26346949
13300.00000000 -0.19548520 0.06245564 0.00429182 -0.26223266
13400.00000000 -0.19584288 0.06279460 0.00428461 -0.26292208
13500.00000000 -0.19526659 0.06272258 0.00439963 -0.26238880
13600.00000000 -0.19595843 0.06294975 0.00434325 -0.26325142
13700.00000000 -0.19627635 0.06331291 0.00444895 -0.26403821
13800.00000000 -0.19156792 0.06106567 0.00315468 -0.25578827
13900.00000000 -0.19635462 0.06295683 0.00432347 -0.26363492
14000.00000000 -0.19598982 0.06288837 0.00437154 -0.26324973
14100.00000000 -0.19548420 0.06273160 0.00441248 -0.26262829
14200.00000000 -0.19633469 0.06302484 0.00436873 -0.26372826
14300.00000000 -0.19642516 0.06325024 0.00438897 -0.26406437
14400.00000000 -0.19598693 0.06286568 0.00445692 -0.26330954
14500.00000000 -0.19614806 0.06294763 0.00443075 -0.26352644
14600.00000000 -0.19623157 0.06301761 0.00446534 -0.26371452
14700.00000000 -0.19622454 0.06301733 0.00448949 -0.26373136
14800.00000000 -0.19571838 0.06287374 0.00456948 -0.26316160
14900.00000000 -0.19618250 0.06297234 0.00445835 -0.26361319
15000.00000000 -0.19594746 0.06291009 0.00447879 -0.26333633
