100.00000000 -0.13927708 0.00087649 0.00016224 -0.14031580
200.00000000 -0.20272109 0.00404066 0.00035933 -0.20712107
300.00000000 -0.26161856 0.00965220 0.00061666 -0.27188742
400.00000000 -0.31195065 0.01967152 0.00092525 -0.33254743
500.00000000 -0.35006213 0.03663864 0.00125284 -0.38795361
600.00000000 -0.37715968 0.05670878 0.00156559 -0.43543404
700.00000000 -0.38917432 0.07754058 0.00183924 -0.46855414
800.00000000 -0.39656370 0.09666155 0.00205600 -0.49528125
900.00000000 -0.39956644 0.11132544 0.00220911 -0.51310098
1000.00000000 -0.40205958 0.12140048 0.00230721 -0.52576727
1100.00000000 -0.40264398 0.12736569 0.00235243 -0.53236210
1200.00000000 -0.40220023 0.13054578 0.00237627 -0.53512228
1300.00000000 -0.40379806 0.13273673 0.00239020 -0.53892499
1400.00000000 -0.40401044 0.13337959 0.00240185 -0.53979188
1500.00000000 -0.40285514 0.13307527 0.00240968 -0.53834009
1600.00000000 -0.40157449 0.13274480 0.00240057 -0.53671986
1700.00000000 -0.40180790 0.13300477 0.00241454 -0.53722721
1800.00000000 -0.40137269 0.13272060 0.00240418 -0.53649747
1900.00000000 -0.40230383 0.13306564 0.00240778 -0.53777725
2000.00000000 -0.40138862 0.13294107 0.00240805 -0.53673774
2100.00000000 -0.39964266 0.13228016 0.00241649 -0.53433931
2200.00000000 -0.40180532 0.13275574 0.00240919 -0.53697026
2300.00000000 -0.39997717 0.13272183 0.00241618 -0.53511518
2400.00000000 -0.40291900 0.13315567 0.00241485 -0.53848952
2500.00000000 -0.40311293 0.13328396 0.00241241 -0.53880930
2600.00000000 -0.40128544 0.13273150 0.00241366 -0.53643060
2700.00000000 -0.40222884 0.13294098 0.00240930 -0.53757912
2800.00000000 -0.40202144 0.13300638 0.00240414 -0.53743196
2900.00000000 -0.40260673 0.13311239 0.00241522 -0.53813434
3000.00000000 -0.40119418 0.13277023 0.00241082 -0.53637522
3100.00000000 -0.40111921 0.13288744 0.00241614 -0.53642279
3200.00000000 -0.40500284 0.13396469 0.00241163 -0.54137915
3300.00000000 -0.40240447 0.13311830 0.00241159 -0.53793436
3400.00000000 -0.40451977 0.13366359 0.00241031 -0.54059368
3500.00000000 -0.40198621 0.13315465 0.00241431 -0.53755516
3600.00000000 -0.40277053 0.13303559 0.00241203 -0.53821814
3700.00000000 -0.40227451 0.13294603 0.00240877 -0.53762931
3800.00000000 -0.40140636 0.13257414 0.00241302 -0.53639352
3900.00000000 -0.40329398 0.13318779 0.00241432 -0.53889608
4000.00000000 -0.40338209 0.13328855 0.00241940 -0.53909004
4100.00000000 -0.40359418 0.12542473 0.00278387 -0.53180277
4200.00000000 -0.44701099 0.10636310 0.00294205 -0.55631614
4300.00000000 -0.46586427 0.11664326 0.00364598 -0.58615351
4400.00000000 -0.47476435 0.12091148 0.00405514 -0.59973097
4500.00000000 -0.48332475 0.12264195 0.00447445 -0.61044115
4600.00000000 -0.48976734 0.13398521 0.00475685 -0.62850940
4700.00000000 -0.49423675 0.13258152 0.00501189 -0.63183016
4800.00000000 -0.49771603 0.14142853 0.00556634 -0.64471090
4900.00000000 -0.49989341 0.13656144 0.00573388 -0.64218873
5000.00000000 -0.50580321 0.14099638 0.00592545 -0.65272504
5100.00000000 -0.50619313 0.14428912 0.00625007 -0.65673232
5200.00000000 -0.50744498 0.14456797 0.00610750 -0.65812045
5300.00000000 -0.51246685 0.14293601 0.00637613 -0.66177899
5400.00000000 -0.51083655 0.14418747 0.00628332 -0.66130733
5500.00000000 -0.51207936 0.14315261 0.00668358 -0.66191554
5600.00000000 -0.51637405 0.14417623 0.00680728 -0.66735756
5700.00000000 -0.51715243 0.15590070 0.00740911 -0.68046224
5800.00000000 -0.51720668 0.15128769 0.00751594 -0.67601031
5900.00000000 -0.52048129 0.15463766 0.00761715 -0.68273610
6000.00000000 -0.51964029 0.15396732 0.00789598 -0.68150359
6100.00000000 -0.52056074 0.15263070 0.00788532 -0.68107677
6200.00000000 -0.51996750 0.15948047 0.00797574 -0.68742371
6300.00000000 -0.52224420 0.15658367 0.00786455 -0.68669242
6400.00000000 -0.52544384 0.15233251 0.00770770 -0.68548405
6500.00000000 -0.52669074 0.15665329 0.00850211 -0.69184613
6600.00000000 -0.52674599 0.15760517 0.00840758 -0.69275874
6700.00000000 -0.52746510 0.15532833 0.00890434 -0.69169778
6800.00000000 -0.52758181 0.15801719 0.00923971 -0.69483870
6900.00000000 -0.52582045 0.16296141 0.00923431 -0.69801617
7000.00000000 -0.52662624 0.16482054 0.00965232 -0.70109910
7100.00000000 -0.52753623 0.16128328 0.00892915 -0.69774866
7200.00000000 -0.52677280 0.16385734 0.00878268 -0.69941282
7300.00000000 -0.53203726 0.15918995 0.00953208 -0.70075929
7400.00000000 -0.53191549 0.16352010 0.00986856 -0.70530415
7500.00000000 -0.52804314 0.16297495 0.00953813 -0.70055622
7600.00000000 -0.53301608 0.16202933 0.01015330 -0.70519871
7700.00000000 -0.53272608 0.16298643 0.01053011 -0.70624262
7800.00000000 -0.53238415 0.16424538 0.01019579 -0.70682532
7900.00000000 -0.53527480 0.16342999 0.01038598 -0.70909077
8000.00000000 -0.53384910 0.16133192 0.00986629 -0.70504731
8100.00000000 -0.53071124 0.16265598 0.01016786 -0.70353508
8200.00000000 -0.53787867 0.16392992 0.01044670 -0.71225530
8300.00000000 -0.53216738 0.15742083 0.00984894 -0.69943714
8400.00000000 -0.52225191 0.16952668 0.00968809 -0.70146668
8500.00000000 -0.52459604 0.18115957 0.01070700 -0.71646261
8600.00000000 -0.53915224 0.16303618 0.01078899 -0.71297741
8700.00000000 -0.53721642 0.16613136 0.01130922 -0.71465701
8800.00000000 -0.52440333 0.16953242 0.01101667 -0.70495242
8900.00000000 -0.53747711 0.16498739 0.01176879 -0.71423328
9000.00000000 -0.54154468 0.16462120 0.01149192 -0.71765780
9100.00000000 -0.53432108 0.17174904 0.01166815 -0.71773827
9200.00000000 -0.53962116 0.16451401 0.01158895 -0.71572411
9300.00000000 -0.53852581 0.16954261 0.01183016 -0.71989858
9400.00000000 -0.53634184 0.16621944 0.01201228 -0.71457356
9500.00000000 -0.53097221 0.17132092 0.01130292 -0.71359605
9600.00000000 -0.54118150 0.16442902 0.01145601 -0.71706653
9700.00000000 -0.54100899 0.16654214 0.01258306 -0.72013420
9800.00000000 -0.54030271 0.16939554 0.01113691 -0.72083515
9900.00000000 -0.53951090 0.16877057 0.01197671 -0.72025818
10000.00000000 -0.52400348 0.16836603 0.01258303 -0.70495254
10100.00000000 -0.53936257 0.16990893 0.01195437 -0.72122586
10200.00000000 -0.54038754 0.17074578 0.01228838 -0.72342169
10300.00000000 -0.53726892 0.16926934 0.01240993 -0.71894819
10400.00000000 -0.53790082 0.17150366 0.01165204 -0.72105652
10500.00000000 -0.53609995 0.17117314 0.01229898 -0.71957207
10600.00000000 -0.53838180 0.17470822 0.01292388 -0.72601390
10700.00000000 -0.54506716 0.17113733 0.01326648 -0.72947097
10800.00000000 -0.54042904 0.16663134 0.01198007 -0.71904045
10900.00000000 -0.53899665 0.16852632 0.01149859 -0.71902156
11000.00000000 -0.54505147 0.16999969 0.01353242 -0.72858357
11100.00000000 -0.53544274 0.16811785 0.01092226 -0.71448284
11200.00000000 -0.53620766 0.16578527 0.01231182 -0.71430475
11300.00000000 -0.54298905 0.17387027 0.01358035 -0.73043966
11400.00000000 -0.54675527 0.17033085 0.01360489 -0.73069102
11500.00000000 -0.54529099 0.16990858 0.01377220 -0.72897178
11600.00000000 -0.54089922 0.16882166 0.01337275 -0.72309363
11700.00000000 -0.54146792 0.16835678 0.01318227 -0.72300696
11800.00000000 -0.52967666 0.15165718 0.00956380 -0.69089764
11900.00000000 -0.54313896 0.17162742 0.01333738 -0.72810376
12000.00000000 -0.54029968 0.16438258 0.01165298 -0.71633524
12100.00000000 -0.53836219 0.17561898 0.01236038 -0.72634155
12200.00000000 -0.53849656 0.16604210 0.01199583 -0.71653450
12300.00000000 -0.54556280 0.17130728 0.01455521 -0.73142529
12400.00000000 -0.54133030 0.16983533 0.01263562 -0.72380126
12500.00000000 -0.53032154 0.16951124 0.01183338 -0.71166617
12600.00000000 -0.54775672 0.17109382 0.01436145 -0.73321199
12700.00000000 -0.53762310 0.16064377 0.01227516 -0.71054202
12800.00000000 -0.54341534 0.17011742 0.01348041 -0.72701317
12900.00000000 -0.54228936 0.16845691 0.01324775 -0.72399402
13000.00000000 -0.54543068 0.16751525 0.01318671 -0.72613263
13100.00000000 -0.54189749 0.17124000 0.01429077 -0.72742826
13200.00000000 -0.54252646 0.16838688 0.01362260 -0.72453594
13300.00000000 -0.54785699 0.17267211 0.01478247 -0.73531157
13400.00000000 -0.53920229 0.16886495 0.01266181 -0.72072905
13500.00000000 -0.54589531 0.17061749 0.01470268 -0.73121548
13600.00000000 -0.54562273 0.17009035 0.01460970 -0.73032278
13700.00000000 -0.53017929 0.18049888 0.01077931 -0.72145748
13800.00000000 -0.55033389 0.17253560 0.01472989 -0.73759937
13900.00000000 -0.54045325 0.17514007 0.01424011 -0.72983342
14000.00000000 -0.54511611 0.17017691 0.01372775 -0.72902077
14100.00000000 -0.53638944 0.16426876 0.01298332 -0.71364152
14200.00000000 -0.54137377 0.17935884 0.01393427 -0.73466688
14300.00000000 -0.54332380 0.16615687 0.01360980 -0.72309047
14400.00000000 -0.54535026 0.18111144 0.01441372 -0.74087542
14500.00000000 -0.54505200 0.17142425 0.01582909 -0.73230535
14600.00000000 -0.54577976 0.17225744 0.01576452 -0.73380172
14700.00000000 -0.52820250 0.17682199 0.01232737 -0.71735185
14800.00000000 -0.54326269 0.16655916 0.01461932 -0.72444117
14900.00000000 -0.54515882 0.17284141 0.01458770 -0.73258793
15000.00000000 -0.54632890 0.17231120 0.01590286 -0.73454297
15100.00000000 -0.54808884 0.17112711 0.01550177 -0.73471773
15200.00000000 -0.54347878 0.16971585 0.01424924 -0.72744387
15300.00000000 -0.54282130 0.16927223 0.01332140 -0.72541493
15400.00000000 -0.51508868 0.16081601 0.00982695 -0.68573165
15500.00000000 -0.54149112 0.17200220 0.01458135 -0.72807467
15600.00000000 -0.54764365 0.17038646 0.01477049 -0.73280060
15700.00000000 -0.53949155 0.16660148 0.01281588 -0.71890891
15800.00000000 -0.53411483 0.18474801 0.01478558 -0.73364842
15900.00000000 -0.54659993 0.17162052 0.01594499 -0.73416543
16000.00000000 -0.54813369 0.17244023 0.01614515 -0.73671907
16100.00000000 -0.54747666 0.17190577 0.01580862 -0.73519105
16200.00000000 -0.54973654 0.17304105 0.01609769 -0.73887527
16300.00000000 -0.54890687 0.17268184 0.01592388 -0.73751259
16400.00000000 -0.54916671 0.17259660 0.01588411 -0.73764741
16500.00000000 -0.54799249 0.17256412 0.01639534 -0.73695195
16600.00000000 -0.55078592 0.17333496 0.01599631 -0.74011719
16700.00000000 -0.54881324 0.17269664 0.01607316 -0.73758304
16800.00000000 -0.55184205 0.17375441 0.01613680 -0.74173325
16900.00000000 -0.55050814 0.17331176 0.01605655 -0.73987645
17000.00000000 -0.54766649 0.17226280 0.01626531 -0.73619461
17100.00000000 -0.54733725 0.17235857 0.01638369 -0.73607951
17200.00000000 -0.54579057 0.17288449 0.01635380 -0.73502886
17300.00000000 -0.54784171 0.17196982 0.01615032 -0.73596185
17400.00000000 -0.55060113 0.17336996 0.01625172 -0.74022281
17500.00000000 -0.54649338 0.17338204 0.01611927 -0.73599470
17600.00000000 -0.54689758 0.17078403 0.01542703 -0.73310864
17700.00000000 -0.54943028 0.17268473 0.01615855 -0.73827356
17800.00000000 -0.55046436 0.17326042 0.01617742 -0.73990220
17900.00000000 -0.54821843 0.17290097 0.01641899 -0.73753840
18000.00000000 -0.54833207 0.17279977 0.01659562 -0.73772746
18100.00000000 -0.54783015 0.17241465 0.01649782 -0.73674262
18200.00000000 -0.54771040 0.17249775 0.01651605 -0.73672420
18300.00000000 -0.54932898 0.17279759 0.01652387 -0.73865044
18400.00000000 -0.54920947 0.17324217 0.01655816 -0.73900980
18500.00000000 -0.54693616 0.17057572 0.01643027 -0.73394215
18600.00000000 -0.54689167 0.17107603 0.01557284 -0.73354053
18700.00000000 -0.54497499 0.17013817 0.01559795 -0.73071110
18800.00000000 -0.54865642 0.17312595 0.01672579 -0.73850816
18900.00000000 -0.54942262 0.17344500 0.01692974 -0.73979735
19000.00000000 -0.54840107 0.17304423 0.01687928 -0.73832458
19100.00000000 -0.54845466 0.17301644 0.01692965 -0.73840076
19200.00000000 -0.55063615 0.17367925 0.01654864 -0.74086404
19300.00000000 -0.55107586 0.17379150 0.01656692 -0.74143428
19400.00000000 -0.54879050 0.17338285 0.01706307 -0.73923641
19500.00000000 -0.54900238 0.17343816 0.01712603 -0.73956656
19600.00000000 -0.54789030 0.17279132 0.01696937 -0.73765099
19700.00000000 -0.54994213 0.17357358 0.01693831 -0.74045402
19800.00000000 -0.55019519 0.17387082 0.01704122 -0.74110723
19900.00000000 -0.54642082 0.17231140 0.01691027 -0.73564249
20000.00000000 -0.54665167 0.17268348 0.01736372 -0.73669887
