100.00000000 -0.37338623 0.00955078 0.00219891 -0.38513592
200.00000000 -0.52731441 0.03924296 0.00483510 -0.57139248
300.00000000 -0.63455034 0.08946548 0.00784761 -0.73186344
400.00000000 -0.67282856 0.15357949 0.01031117 -0.83671921
500.00000000 -0.67955353 0.19640008 0.01169557 -0.88764918
600.00000000 -0.68369864 0.21587738 0.01224582 -0.91182184
700.00000000 -0.68511587 0.22218579 0.01236075 -0.91966242
800.00000000 -0.67987294 0.22331111 0.01250297 -0.91568702
900.00000000 -0.68649298 0.22424628 0.01243172 -0.92317098
1000.00000000 -0.68133566 0.22278109 0.01249277 -0.91660953
1100.00000000 -0.68114227 0.22277984 0.01251080 -0.91643292
1200.00000000 -0.68181829 0.22280297 0.01248948 -0.91711074
1300.00000000 -0.68371960 0.22354062 0.01244100 -0.91970122
1400.00000000 -0.67972188 0.22239031 0.01249152 -0.91460371
1500.00000000 -0.68023321 0.22236133 0.01248291 -0.91507745
1600.00000000 -0.68176728 0.22288497 0.01243227 -0.91708452
1700.00000000 -0.68019062 0.22240902 0.01244603 -0.91504568
1800.00000000 -0.74032513 0.16354097 0.01440448 -0.91827059
1900.00000000 -0.77879036 0.18469889 0.01762251 -0.98111176
2000.00000000 -0.79232122 0.19369572 0.01990037 -1.00591731
2100.00000000 -0.81256361 0.21266969 0.02271089 -1.04794419
2200.00000000 -0.82028761 0.21652742 0.02411618 -1.06093121
2300.00000000 -0.82910460 0.22935903 0.02636510 -1.08482873
2400.00000000 -0.83546219 0.22867158 0.02737629 -1.09151006
2500.00000000 -0.84468387 0.23314828 0.02819081 -1.10602295
2600.00000000 -0.84655959 0.23184031 0.02958870 -1.10798860
2700.00000000 -0.84917366 0.23570064 0.03056583 -1.11544013
2800.00000000 -0.84833818 0.25460777 0.03084669 -1.13379264
2900.00000000 -0.85626728 0.24056193 0.03266117 -1.12949038
3000.00000000 -0.85848564 0.24756573 0.03386683 -1.13991821
3100.00000000 -0.86401097 0.24859847 0.03444666 -1.14705610
3200.00000000 -0.86397796 0.24581453 0.03583572 -1.14562821
3300.00000000 -0.86515673 0.25397146 0.03714995 -1.15627813
3400.00000000 -0.86604979 0.24918847 0.03731435 -1.15255260
3500.00000000 -0.86390202 0.26475653 0.03709171 -1.16575027
3600.00000000 -0.87211061 0.25373179 0.03886169 -1.16470408
3700.00000000 -0.86818819 0.24825908 0.03917068 -1.15561795
3800.00000000 -0.87560664 0.25752416 0.04005252 -1.17318332
3900.00000000 -0.87078229 0.26547506 0.04071921 -1.17697656
4000.00000000 -0.87371090 0.26205674 0.04121989 -1.17698753
4100.00000000 -0.87973189 0.26110581 0.04286513 -1.18370283
4200.00000000 -0.88057781 0.25825390 0.04250314 -1.18133485
4300.00000000 -0.87787766 0.26929006 0.04428371 -1.19145143
4400.00000000 -0.87743707 0.26441848 0.04469924 -1.18655479
4500.00000000 -0.87440474 0.26418084 0.04546045 -1.18404603
4600.00000000 -0.88136543 0.26011989 0.04435506 -1.18584037
4700.00000000 -0.88034774 0.26694557 0.04647483 -1.19376814
4800.00000000 -0.88350238 0.26151404 0.04497387 -1.18999028
4900.00000000 -0.88283187 0.26661780 0.04685977 -1.19630945
5000.00000000 -0.88117461 0.26470909 0.04782496 -1.19370866
5100.00000000 -0.88234040 0.27000546 0.04823915 -1.20058501
5200.00000000 -0.88299711 0.26565918 0.04838594 -1.19704223
5300.00000000 -0.88221509 0.26551899 0.04910835 -1.19684243
5400.00000000 -0.86786478 0.27451289 0.04341860 -1.18579626
5500.00000000 -0.88091813 0.26506299 0.04625257 -1.19223368
5600.00000000 -0.88526073 0.26762053 0.05001771 -1.20289898
5700.00000000 -0.88338246 0.26708028 0.05112744 -1.20159018
5800.00000000 -0.88901336 0.26760501 0.05081093 -1.20742929
5900.00000000 -0.88992578 0.26848778 0.05088064 -1.20929420
6000.00000000 -0.88281134 0.27688336 0.04994711 -1.20964181
6100.00000000 -0.88425047 0.26891032 0.05239512 -1.20555592
6200.00000000 -0.88847358 0.27107245 0.05256199 -1.21210802
6300.00000000 -0.88891908 0.27114069 0.05276338 -1.21282315
6400.00000000 -0.88579243 0.26994866 0.05315376 -1.20889485
6500.00000000 -0.88790743 0.27055237 0.05344365 -1.21190345
6600.00000000 -0.88726557 0.27017602 0.05399170 -1.21143329
6700.00000000 -0.86497273 0.27078116 0.04565523 -1.18140912
6800.00000000 -0.89013233 0.27086663 0.05363784 -1.21463680
6900.00000000 -0.88475858 0.26762980 0.05401940 -1.20640779
7000.00000000 -0.88770326 0.26012385 0.04909066 -1.19691777
7100.00000000 -0.88566817 0.27031201 0.05521052 -1.21119070
7200.00000000 -0.88222691 0.26042461 0.04881278 -1.19146430
7300.00000000 -0.88803842 0.26979539 0.05466879 -1.21250260
7400.00000000 -0.88882975 0.27082819 0.05546965 -1.21512759
7500.00000000 -0.89020821 0.27452675 0.05499960 -1.21973455
7600.00000000 -0.88800302 0.27322555 0.05626580 -1.21749437
7700.00000000 -0.89295358 0.27220219 0.05541837 -1.22057414
7800.00000000 -0.89003030 0.27117947 0.05487424 -1.21608400
7900.00000000 -0.88432569 0.26739508 0.05491387 -1.20663464
8000.00000000 -0.88970598 0.27092108 0.05620295 -1.21683002
8100.00000000 -0.88681595 0.27221066 0.05723001 -1.21625662
8200.00000000 -0.89087637 0.27423978 0.05738704 -1.22250319
8300.00000000 -0.87803606 0.26874533 0.05564540 -1.20242679
8400.00000000 -0.89251257 0.27429506 0.05630650 -1.22311413
8500.00000000 -0.88814700 0.27182594 0.05353460 -1.21350753
8600.00000000 -0.88961666 0.27510062 0.05828992 -1.22300720
8700.00000000 -0.88829427 0.26983994 0.05583680 -1.21397102
8800.00000000 -0.89142821 0.27414045 0.05791276 -1.22348142
8900.00000000 -0.89381333 0.27686891 0.05785616 -1.22853839
9000.00000000 -0.89196281 0.27136108 0.05698465 -1.22030854
9100.00000000 -0.88802298 0.27445310 0.05906163 -1.22153771
9200.00000000 -0.89107030 0.27598292 0.05751646 -1.22456968
9300.00000000 -0.89072422 0.27236399 0.05831336 -1.22140157
9400.00000000 -0.89046699 0.27327198 0.05875206 -1.22249103
9500.00000000 -0.88697888 0.27282813 0.05901642 -1.21882343
9600.00000000 -0.89345415 0.27700070 0.05699123 -1.22744608
9700.00000000 -0.88322275 0.27274424 0.05467726 -1.21064425
9800.00000000 -0.88751277 0.27848688 0.05609716 -1.22209680
9900.00000000 -0.89304638 0.27579281 0.05931916 -1.22815835
10000.00000000 -0.89265851 0.27723151 0.05806985 -1.22795987
10100.00000000 -0.89152118 0.27688649 0.06037594 -1.22878361
10200.00000000 -0.88788222 0.27432454 0.05943228 -1.22163904
10300.00000000 -0.88997887 0.27396536 0.05836226 -1.22230649
10400.00000000 -0.89135077 0.27040187 0.05841321 -1.22016585
10500.00000000 -0.88815514 0.27442697 0.06013530 -1.22271740
10600.00000000 -0.88726405 0.27049759 0.05637627 -1.21413791
10700.00000000 -0.89055231 0.27499470 0.06001878 -1.22556579
10800.00000000 -0.88643232 0.27545199 0.05787504 -1.21975935
10900.00000000 -0.89156755 0.27667946 0.05971966 -1.22796667
11000.00000000 -0.89284777 0.27508122 0.05856140 -1.22649038
11100.00000000 -0.89101091 0.27518469 0.05984715 -1.22604275
11200.00000000 -0.89109501 0.27553320 0.06020680 -1.22683501
11300.00000000 -0.88689107 0.27088711 0.05938419 -1.21716237
11400.00000000 -0.89069291 0.27661845 0.05891974 -1.22623110
11500.00000000 -0.88819566 0.27450040 0.06004543 -1.22274148
11600.00000000 -0.89059857 0.27386707 0.05986622 -1.22433186
11700.00000000 -0.89173073 0.27500612 0.05999481 -1.22673166
11800.00000000 -0.89136628 0.27427793 0.05948874 -1.22513294
11900.00000000 -0.88917237 0.27498206 0.06108901 -1.22524345
12000.00000000 -0.89255112 0.27555320 0.06055686 -1.22866118
12100.00000000 -0.89224089 0.27524406 0.06042748 -1.22791243
12200.00000000 -0.89080521 0.27440682 0.06002939 -1.22524142
12300.00000000 -0.88665377 0.27463561 0.06176455 -1.22305393
12400.00000000 -0.89095862 0.27508867 0.06070285 -1.22675014
12500.00000000 -0.88964468 0.27423042 0.06040943 -1.22428453
12600.00000000 -0.88614999 0.27311972 0.06099974 -1.22026944
12700.00000000 -0.89184610 0.27656457 0.06021808 -1.22862875
12800.00000000 -0.89579799 0.27676821 0.06076429 -1.23333049
12900.00000000 -0.89010564 0.27354097 0.06071325 -1.22435987
13000.00000000 -0.88991813 0.27406925 0.06056859 -1.22455597
13100.00000000 -0.89300784 0.27555335 0.06046560 -1.22902679
13200.00000000 -0.89047953 0.27414462 0.06059463 -1.22521877
13300.00000000 -0.88872538 0.27535930 0.05966150 -1.22374618
13400.00000000 -0.88915124 0.27402395 0.06047979 -1.22365499
13500.00000000 -0.88945561 0.27570468 0.06198872 -1.22714901
13600.00000000 -0.89019553 0.27487209 0.06099753 -1.22606516
13700.00000000 -0.89276767 0.27400786 0.05972677 -1.22650230
13800.00000000 -0.89175757 0.27535394 0.06082023 -1.22793174
13900.00000000 -0.89462852 0.27407032 0.06045515 -1.22915399
14000.00000000 -0.89061121 0.27452046 0.06072285 -1.22585452
14100.00000000 -0.89530434 0.27769104 0.06100316 -1.23399854
14200.00000000 -0.88720021 0.27626190 0.06053024 -1.22399235
14300.00000000 -0.88914147 0.27448434 0.06126717 -1.22489297
14400.00000000 -0.88955748 0.27384645 0.05936319 -1.22276711
14500.00000000 -0.88830370 0.27553964 0.06280237 -1.22664571
14600.00000000 -0.89183071 0.27441725 0.06232382 -1.22857177
14700.00000000 -0.89266855 0.27190286 0.06056046 -1.22513187
14800.00000000 -0.89021311 0.27393287 0.06049021 -1.22463620
14900.00000000 -0.88844159 0.27484244 0.06259910 -1.22588313
15000.00000000 -0.88892714 0.27458376 0.06183937 -1.22535026
15100.00000000 -0.89195057 0.27563709 0.06150828 -1.22909594
15200.00000000 -0.88905343 0.27426374 0.06167200 -1.22498918
15300.00000000 -0.89268868 0.27579117 0.06132348 -1.22980332
15400.00000000 -0.89328137 0.27616641 0.06163466 -1.23108244
15500.00000000 -0.89106515 0.27552626 0.06133997 -1.22793138
15600.00000000 -0.88957104 0.27456805 0.06216222 -1.22630131
15700.00000000 -0.89267059 0.27578422 0.06093282 -1.22938764
15800.00000000 -0.89200276 0.27538702 0.06103250 -1.22842228
15900.00000000 -0.89031148 0.27491638 0.06160763 -1.22683549
16000.00000000 -0.89455455 0.27640676 0.06105716 -1.23201847
16100.00000000 -0.89557872 0.27340916 0.05964516 -1.22863305
16200.00000000 -0.88918557 0.27379057 0.06138647 -1.22436261
16300.00000000 -0.89050522 0.27398953 0.06084955 -1.22534430
16400.00000000 -0.89312323 0.27642074 0.06188489 -1.23142886
16500.00000000 -0.89358491 0.27624542 0.06153416 -1.23136449
16600.00000000 -0.89483291 0.27719679 0.06191566 -1.23394537
16700.00000000 -0.89133509 0.27262267 0.06082578 -1.22478354
16800.00000000 -0.89471499 0.27667725 0.06147381 -1.23286605
16900.00000000 -0.88975703 0.27548009 0.06184728 -1.22708440
17000.00000000 -0.88890651 0.27503127 0.06345406 -1.22739184
17100.00000000 -0.89049663 0.27581948 0.06221966 -1.22853577
17200.00000000 -0.89304092 0.27645761 0.06189398 -1.23139250
17300.00000000 -0.89244925 0.27500352 0.06089345 -1.22834623
17400.00000000 -0.89146665 0.27618492 0.06109056 -1.22874212
17500.00000000 -0.89654106 0.27747267 0.06153941 -1.23555315
17600.00000000 -0.89262329 0.27569696 0.06153672 -1.22985697
17700.00000000 -0.89095530 0.27706152 0.06292304 -1.23093987
17800.00000000 -0.89192296 0.27539083 0.06108143 -1.22839522
17900.00000000 -0.89223488 0.27397075 0.06042446 -1.22663009
18000.00000000 -0.89068871 0.27549621 0.06150315 -1.22768807
18100.00000000 -0.89296019 0.27614924 0.06123057 -1.23034000
18200.00000000 -0.89335813 0.27478340 0.06218870 -1.23033023
18300.00000000 -0.88758112 0.27525887 0.06239297 -1.22523296
18400.00000000 -0.89255285 0.27468637 0.06157384 -1.22881305
18500.00000000 -0.89342730 0.27843922 0.06152559 -1.23339212
18600.00000000 -0.89177779 0.27582207 0.06181198 -1.22941184
18700.00000000 -0.89607110 0.27581200 0.06062234 -1.23250544
18800.00000000 -0.89339375 0.27630714 0.06185517 -1.23155606
18900.00000000 -0.89094312 0.27399147 0.06114774 -1.22608232
19000.00000000 -0.89374068 0.27738547 0.06245301 -1.23357916
19100.00000000 -0.88692804 0.27456713 0.06324617 -1.22474134
19200.00000000 -0.89291025 0.27500170 0.06074017 -1.22865212
19300.00000000 -0.89420390 0.27618438 0.06130749 -1.23169577
19400.00000000 -0.89237636 0.27532607 0.06167424 -1.22937667
19500.00000000 -0.89205585 0.27860621 0.06217073 -1.23283279
19600.00000000 -0.89222995 0.27627206 0.06206831 -1.23057032
19700.00000000 -0.88966535 0.27576739 0.06233115 -1.22776389
19800.00000000 -0.88975220 0.27468488 0.06163965 -1.22607672
19900.00000000 -0.89492054 0.27642187 0.06103010 -1.23237252
20000.00000000 -0.89470378 0.27617148 0.06056696 -1.23144221
