100.00000000 -0.12564864 0.00502529 0.00008069 -0.13075462
200.00000000 -0.16741154 0.02139514 0.00017010 -0.18897678
300.00000000 -0.19098454 0.03730270 0.00024768 -0.22853492
400.00000000 -0.20209770 0.05440617 0.00031320 -0.25681707
500.00000000 -0.20219232 0.06408412 0.00034211 -0.26661855
600.00000000 -0.20228942 0.06664778 0.00034818 -0.26928538
700.00000000 -0.20224135 0.06727877 0.00034960 -0.26986971
800.00000000 -0.20270559 0.06734236 0.00035004 -0.27039799
900.00000000 -0.20225954 0.06715380 0.00034897 -0.26976231
1000.00000000 -0.20265123 0.06737836 0.00035073 -0.27038032
1100.00000000 -0.20019074 0.06714334 0.00035098 -0.26768506
1200.00000000 -0.20271197 0.06738891 0.00034936 -0.27045023
1300.00000000 -0.20375244 0.06773516 0.00035020 -0.27183780
1400.00000000 -0.20198765 0.06711684 0.00035035 -0.26945484
1500.00000000 -0.20312031 0.06754257 0.00034963 -0.27101251
1600.00000000 -0.20240918 0.06730311 0.00034924 -0.27006152
1700.00000000 -0.20246818 0.06733909 0.00035099 -0.27015826
1800.00000000 -0.20280730 0.06712133 0.00034990 -0.27027854
1900.00000000 -0.22345852 0.05403004 0.00044987 -0.27793843
2000.00000000 -0.23690463 0.06131722 0.00055516 -0.29877701
2100.00000000 -0.24191289 0.06570340 0.00061265 -0.30822894
2200.00000000 -0.24620434 0.06582867 0.00071211 -0.31274512
2300.00000000 -0.24992803 0.06934271 0.00078478 -0.32005551
2400.00000000 -0.25239227 0.07209906 0.00078894 -0.32528028
2500.00000000 -0.25129502 0.07465480 0.00091799 -0.32686782
2600.00000000 -0.25663961 0.07294992 0.00093529 -0.33052483
2700.00000000 -0.25223897 0.07440811 0.00092238 -0.32756945
2800.00000000 -0.25943618 0.07831195 0.00104488 -0.33879301
2900.00000000 -0.26087571 0.07666443 0.00106909 -0.33860922
3000.00000000 -0.25998212 0.07682128 0.00107206 -0.33787546
3100.00000000 -0.26115705 0.07561900 0.00108510 -0.33786115
3200.00000000 -0.26282616 0.07803261 0.00113060 -0.34198937
3300.00000000 -0.26363312 0.07980005 0.00116327 -0.34459645
3400.00000000 -0.26308567 0.08244236 0.00122867 -0.34675670
3500.00000000 -0.26534674 0.07920533 0.00128487 -0.34583694
3600.00000000 -0.26576263 0.08185080 0.00124293 -0.34885636
3700.00000000 -0.26077098 0.08549175 0.00125410 -0.34751683
3800.00000000 -0.26540740 0.07950877 0.00131046 -0.34622663
3900.00000000 -0.26691859 0.08102631 0.00139635 -0.34934124
4000.00000000 -0.26354577 0.08114260 0.00138189 -0.34607026
4100.00000000 -0.26502508 0.08697744 0.00157113 -0.35357365
4200.00000000 -0.26638727 0.08049458 0.00129854 -0.34818038
4300.00000000 -0.27048471 0.08232468 0.00153072 -0.35434011
4400.00000000 -0.26976200 0.08070301 0.00146282 -0.35192782
4500.00000000 -0.26765429 0.08246014 0.00145698 -0.35157141
4600.00000000 -0.27043909 0.08496837 0.00161161 -0.35701907
4700.00000000 -0.26836321 0.08325156 0.00152219 -0.35313696
4800.00000000 -0.27133469 0.08106691 0.00156296 -0.35396457
4900.00000000 -0.27257458 0.08493293 0.00169463 -0.35920215
5000.00000000 -0.26612591 0.08166479 0.00149604 -0.34928674
5100.00000000 -0.27268205 0.08399361 0.00172745 -0.35840312
5200.00000000 -0.27001738 0.08399940 0.00158173 -0.35559851
5300.00000000 -0.26950231 0.08339777 0.00163601 -0.35453609
5400.00000000 -0.27406708 0.08354197 0.00177826 -0.35938731
5500.00000000 -0.26822730 0.08096486 0.00175796 -0.35095012
5600.00000000 -0.26628199 0.08305863 0.00153326 -0.35087389
5700.00000000 -0.26589942 0.08363011 0.00163925 -0.35116878
5800.00000000 -0.27255337 0.08187678 0.00166573 -0.35609588
5900.00000000 -0.26979306 0.08746275 0.00177060 -0.35902640
6000.00000000 -0.27471850 0.08303695 0.00189165 -0.35964710
6100.00000000 -0.27301167 0.08428438 0.00181231 -0.35910836
6200.00000000 -0.27371374 0.08619912 0.00200720 -0.36192006
6300.00000000 -0.26362932 0.08732142 0.00162930 -0.35258004
6400.00000000 -0.25737096 0.08006681 0.00125609 -0.33869386
6500.00000000 -0.27377171 0.08772453 0.00219173 -0.36368796
6600.00000000 -0.27012410 0.08663273 0.00220180 -0.35895863
6700.00000000 -0.26362573 0.08540516 0.00171258 -0.35074347
6800.00000000 -0.27284506 0.08428791 0.00205802 -0.35919100
6900.00000000 -0.27053694 0.08229541 0.00179234 -0.35462469
7000.00000000 -0.27502037 0.08520678 0.00208911 -0.36231625
7100.00000000 -0.27598224 0.08831908 0.00230101 -0.36660233
7200.00000000 -0.27292991 0.08385688 0.00192257 -0.35870937
7300.00000000 -0.27300145 0.08865564 0.00201454 -0.36367163
7400.00000000 -0.27592906 0.08634014 0.00217223 -0.36444142
7500.00000000 -0.27079746 0.09297302 0.00211307 -0.36588356
7600.00000000 -0.27424341 0.09005788 0.00203088 -0.36633217
7700.00000000 -0.27767700 0.08749817 0.00237568 -0.36755085
7800.00000000 -0.27056407 0.08433636 0.00186138 -0.35676181
7900.00000000 -0.27462053 0.08700038 0.00211264 -0.36373356
8000.00000000 -0.27701296 0.08720168 0.00212668 -0.36634132
8100.00000000 -0.27385415 0.08538543 0.00195128 -0.36119086
8200.00000000 -0.26354296 0.08667725 0.00176009 -0.35198030
8300.00000000 -0.26536378 0.09154467 0.00199857 -0.35890701
8400.00000000 -0.27320939 0.08332149 0.00213766 -0.35866854
8500.00000000 -0.26785277 0.09132462 0.00199288 -0.36117026
8600.00000000 -0.27728556 0.08678545 0.00218281 -0.36625382
8700.00000000 -0.27478536 0.09040502 0.00228876 -0.36747915
8800.00000000 -0.27644122 0.08258989 0.00213161 -0.36116272
8900.00000000 -0.27685090 0.08830848 0.00240006 -0.36755943
9000.00000000 -0.27683093 0.08668388 0.00227892 -0.36579373
9100.00000000 -0.27799014 0.08834013 0.00262192 -0.36895218
9200.00000000 -0.27733169 0.08754901 0.00242804 -0.36730874
9300.00000000 -0.25891226 0.08523992 0.00155139 -0.34570357
9400.00000000 -0.26866235 0.08665795 0.00209630 -0.35741660
9500.00000000 -0.27247305 0.08395503 0.00239152 -0.35881960
9600.00000000 -0.27396473 0.08521249 0.00237463 -0.36155185
9700.00000000 -0.27891526 0.08805709 0.00249265 -0.36946499
9800.00000000 -0.27303685 0.09080322 0.00211105 -0.36595112
9900.00000000 -0.27010505 0.09236627 0.00213462 -0.36460593
10000.00000000 -0.27440815 0.08763003 0.00244337 -0.36448154
10100.00000000 -0.27571730 0.08834875 0.00234972 -0.36641577
10200.00000000 -0.27829321 0.08833020 0.00241904 -0.36904246
10300.00000000 -0.27498828 0.08631849 0.00233720 -0.36364397
10400.00000000 -0.27794256 0.08523988 0.00252340 -0.36570585
10500.00000000 -0.27223517 0.09513053 0.00268732 -0.37005302
10600.00000000 -0.27266949 0.08842734 0.00232238 -0.36341920
10700.00000000 -0.27440808 0.08707143 0.00227611 -0.36375561
10800.00000000 -0.26829988 0.08507279 0.00199499 -0.35536766
10900.00000000 -0.26950532 0.08956564 0.00237551 -0.36144647
11000.00000000 -0.26483147 0.09101005 0.00172952 -0.35757104
11100.00000000 -0.27231150 0.08676055 0.00232772 -0.36139977
11200.00000000 -0.27297725 0.08761201 0.00238955 -0.36297882
11300.00000000 -0.27870058 0.08901883 0.00277928 -0.37049869
11400.00000000 -0.27903424 0.09183855 0.00258899 -0.37346178
11500.00000000 -0.27678764 0.08855411 0.00245435 -0.36779609
11600.00000000 -0.27980651 0.08903490 0.00281221 -0.37165362
11700.00000000 -0.27476430 0.09116886 0.00282191 -0.36875507
11800.00000000 -0.27532694 0.08910103 0.00239108 -0.36681905
11900.00000000 -0.27677924 0.09015946 0.00250856 -0.36944726
12000.00000000 -0.27861272 0.08570606 0.00248634 -0.36680511
12100.00000000 -0.27904098 0.09023128 0.00293696 -0.37220922
12200.00000000 -0.27880852 0.09005864 0.00259573 -0.37146288
12300.00000000 -0.28000378 0.08947685 0.00298647 -0.37246710
12400.00000000 -0.27313989 0.08770891 0.00232615 -0.36317495
12500.00000000 -0.27672353 0.09034062 0.00286227 -0.36992642
12600.00000000 -0.27970851 0.08822288 0.00282408 -0.37075546
12700.00000000 -0.27913225 0.08963511 0.00308689 -0.37185425
12800.00000000 -0.27412597 0.08498307 0.00262422 -0.36173326
12900.00000000 -0.28057029 0.08820562 0.00278564 -0.37156156
13000.00000000 -0.25945398 0.07449231 0.00132674 -0.33527303
13100.00000000 -0.27959346 0.08939876 0.00304772 -0.37203994
13200.00000000 -0.27493153 0.08853756 0.00216118 -0.36563027
13300.00000000 -0.27780445 0.08732830 0.00241870 -0.36755145
13400.00000000 -0.27177182 0.08883259 0.00221777 -0.36282218
13500.00000000 -0.25931443 0.08640868 0.00199951 -0.34772262
13600.00000000 -0.27805919 0.08466740 0.00253040 -0.36525699
13700.00000000 -0.27813907 0.09251558 0.00275071 -0.37340537
13800.00000000 -0.27852870 0.08451650 0.00235822 -0.36540341
13900.00000000 -0.27942069 0.08896965 0.00274597 -0.37113631
14000.00000000 -0.27111873 0.08710399 0.00179383 -0.36001655
14100.00000000 -0.27664837 0.08327349 0.00275703 -0.36267889
14200.00000000 -0.27942305 0.08914547 0.00283771 -0.37140623
14300.00000000 -0.28031874 0.08964197 0.00301442 -0.37297514
14400.00000000 -0.28130240 0.09024310 0.00311192 -0.37465742
14500.00000000 -0.28125906 0.09018841 0.00321126 -0.37465873
14600.00000000 -0.27951332 0.08959910 0.00330506 -0.37241748
14700.00000000 -0.28039651 0.08987525 0.00329886 -0.37357062
14800.00000000 -0.28120186 0.09015644 0.00328631 -0.37464461
14900.00000000 -0.28024467 0.08968820 0.00331070 -0.37324357
15000.00000000 -0.28147079 0.09027652 0.00330204 -0.37504935
15100.00000000 -0.28012047 0.09004736 0.00325837 -0.37342620
15200.00000000 -0.28099657 0.08989207 0.00333207 -0.37422070
15300.00000000 -0.28174202 0.09043623 0.00327173 -0.37544999
15400.00000000 -0.28128461 0.08929748 0.00326233 -0.37384441
15500.00000000 -0.28069481 0.09067222 0.00338519 -0.37475222
15600.00000000 -0.28102033 0.09034251 0.00329667 -0.37465951
15700.00000000 -0.28141702 0.09072744 0.00336620 -0.37551066
15800.00000000 -0.28129860 0.09050254 0.00326478 -0.37506592
15900.00000000 -0.28254010 0.09104424 0.00325783 -0.37684217
16000.00000000 -0.28090799 0.09116303 0.00339035 -0.37546137
16100.00000000 -0.28189473 0.08955245 0.00333017 -0.37477735
16200.00000000 -0.27671627 0.08650205 0.00263214 -0.36585045
16300.00000000 -0.28191713 0.09048925 0.00340078 -0.37580717
16400.00000000 -0.28224026 0.09067279 0.00344545 -0.37635851
16500.00000000 -0.28056388 0.08945033 0.00341372 -0.37342793
16600.00000000 -0.28168415 0.09032141 0.00337991 -0.37538546
16700.00000000 -0.28078453 0.09117307 0.00333858 -0.37529618
16800.00000000 -0.27535214 0.08604499 0.00219639 -0.36359352
16900.00000000 -0.28050920 0.08940072 0.00339114 -0.37330106
17000.00000000 -0.28172923 0.08975390 0.00339950 -0.37488264
17100.00000000 -0.28111938 0.08937375 0.00342383 -0.37391695
17200.00000000 -0.27801714 0.09169614 0.00318449 -0.37289777
17300.00000000 -0.28176829 0.08878534 0.00323663 -0.37379026
17400.00000000 -0.28172091 0.09054211 0.00344157 -0.37570459
17500.00000000 -0.28180362 0.09082516 0.00347492 -0.37610370
17600.00000000 -0.28065187 0.09082746 0.00351281 -0.37499213
17700.00000000 -0.28212498 0.08874828 0.00330807 -0.37418133
17800.00000000 -0.28170088 0.08864427 0.00342756 -0.37377271
17900.00000000 -0.28092661 0.09175264 0.00311075 -0.37579000
18000.00000000 -0.28273518 0.09092803 0.00344140 -0.37710461
18100.00000000 -0.28264380 0.09088887 0.00344742 -0.37698010
18200.00000000 -0.28174559 0.09057779 0.00352154 -0.37584493
18300.00000000 -0.28155369 0.09053781 0.00353608 -0.37562758
18400.00000000 -0.28264667 0.09086516 0.00346344 -0.37697527
18500.00000000 -0.28167936 0.09064318 0.00363822 -0.37596077
18600.00000000 -0.28150338 0.09050085 0.00356204 -0.37556627
18700.00000000 -0.28153180 0.09049997 0.00355122 -0.37558299
18800.00000000 -0.28254616 0.09088147 0.00356376 -0.37699139
18900.00000000 -0.28232058 0.09081981 0.00355905 -0.37669945
19000.00000000 -0.28216662 0.09107267 0.00356944 -0.37680873
19100.00000000 -0.28163955 0.09057935 0.00361610 -0.37583500
19200.00000000 -0.28191204 0.09048329 0.00357394 -0.37596926
19300.00000000 -0.28203301 0.09052209 0.00359528 -0.37615037
19400.00000000 -0.28176913 0.09079538 0.00354673 -0.37611124
19500.00000000 -0.28223849 0.09069142 0.00358407 -0.37651399
19600.00000000 -0.28282772 0.09112081 0.00352634 -0.37747487
19700.00000000 -0.28306925 0.09151416 0.00365781 -0.37824121
19800.00000000 -0.28101944 0.09067024 0.00361407 -0.37530375
19900.00000000 -0.28271555 0.09060296 0.00357079 -0.37688929
20000.00000000 -0.28222096 0.09032869 0.00362877 -0.37617841
