100.00000000 -0.13509156 0.00014723 0.00025092 -0.13548972
200.00000000 -0.20322244 0.00070152 0.00057342 -0.20449738
300.00000000 -0.27114318 0.00184345 0.00101765 -0.27400428
400.00000000 -0.33432847 0.00422210 0.00158036 -0.34013093
500.00000000 -0.39532849 0.00849411 0.00224707 -0.40606967
600.00000000 -0.44955473 0.01511655 0.00298722 -0.46765849
700.00000000 -0.50047011 0.02451336 0.00381076 -0.52879423
800.00000000 -0.54247944 0.03712720 0.00468386 -0.58429050
900.00000000 -0.57757718 0.05226136 0.00559496 -0.63543350
1000.00000000 -0.60785485 0.07039478 0.00648299 -0.68473262
1100.00000000 -0.63304163 0.09027781 0.00737664 -0.73069608
1200.00000000 -0.65174460 0.11113416 0.00811686 -0.77099562
1300.00000000 -0.66204029 0.13180064 0.00884529 -0.80268621
1400.00000000 -0.67241364 0.15134515 0.00946288 -0.83322167
1500.00000000 -0.67599077 0.16815847 0.01004159 -0.85419083
1600.00000000 -0.67858132 0.18234485 0.01043943 -0.87136561
1700.00000000 -0.68012933 0.19444180 0.01075920 -0.88533032
1800.00000000 -0.68493819 0.20342845 0.01098597 -0.89935261
1900.00000000 -0.68410949 0.20940599 0.01120745 -0.90472293
2000.00000000 -0.68618478 0.21476401 0.01133135 -0.91228014
2100.00000000 -0.68577455 0.21778546 0.01139691 -0.91495693
2200.00000000 -0.68574283 0.22004047 0.01142364 -0.91720694
2300.00000000 -0.68479198 0.22164823 0.01150797 -0.91794819
2400.00000000 -0.69111325 0.22287269 0.01152393 -0.92550987
2500.00000000 -0.68644845 0.22229224 0.01154751 -0.92028821
2600.00000000 -0.68904023 0.22281025 0.01152918 -0.92337966
2700.00000000 -0.68473278 0.22309993 0.01151326 -0.91934597
2800.00000000 -0.68540244 0.22292216 0.01158244 -0.91990703
2900.00000000 -0.68971480 0.22268265 0.01153563 -0.92393309
3000.00000000 -0.68478630 0.22212432 0.01157531 -0.91848594
3100.00000000 -0.69203648 0.22332878 0.01154317 -0.92690843
3200.00000000 -0.68721560 0.22337092 0.01157576 -0.92216229
3300.00000000 -0.68675299 0.22312970 0.01153836 -0.92142105
3400.00000000 -0.68088797 0.22464508 0.01155099 -0.91708404
3500.00000000 -0.68731678 0.22362952 0.01155842 -0.92250472
3600.00000000 -0.68606076 0.22256300 0.01153707 -0.92016083
3700.00000000 -0.68558925 0.22256294 0.01161734 -0.91976953
3800.00000000 -0.68709635 0.22255681 0.01155534 -0.92120850
3900.00000000 -0.68640222 0.22501992 0.01154708 -0.92296922
4000.00000000 -0.68662205 0.22298433 0.01161923 -0.92122561
4100.00000000 -0.68379709 0.22198939 0.01158980 -0.91737628
4200.00000000 -0.68253645 0.22292569 0.01157671 -0.91703886
4300.00000000 -0.68800813 0.22244577 0.01162411 -0.92207801
4400.00000000 -0.68351783 0.22095382 0.01154809 -0.91601974
4500.00000000 -0.68339021 0.22142872 0.01151009 -0.91632903
4600.00000000 -0.68686088 0.22365855 0.01154339 -0.92206281
4700.00000000 -0.68419200 0.22266524 0.01159073 -0.91844797
4800.00000000 -0.68968534 0.22431290 0.01156015 -0.92555839
4900.00000000 -0.68460862 0.22206970 0.01159591 -0.91827422
5000.00000000 -0.68311253 0.22218281 0.01162812 -0.91692346
5100.00000000 -0.68316178 0.22273143 0.01150668 -0.91739988
5200.00000000 -0.68662759 0.22409557 0.01153290 -0.92225605
5300.00000000 -0.68308395 0.22275288 0.01160143 -0.91743827
5400.00000000 -0.68568043 0.22370386 0.01160730 -0.92099160
5500.00000000 -0.68634390 0.22357431 0.01158205 -0.92150027
5600.00000000 -0.68474386 0.22372265 0.01160074 -0.92006725
5700.00000000 -0.68653236 0.22292604 0.01158989 -0.92104828
5800.00000000 -0.68787303 0.22389588 0.01158995 -0.92335886
5900.00000000 -0.68393010 0.22286999 0.01161099 -0.91841108
6000.00000000 -0.68720088 0.22395606 0.01152874 -0.92268568
6100.00000000 -0.68818194 0.22441618 0.01162387 -0.92422199
6200.00000000 -0.68551592 0.22364019 0.01154325 -0.92069936
6300.00000000 -0.68686980 0.22396304 0.01154945 -0.92238230
6400.00000000 -0.68703430 0.22406857 0.01157352 -0.92267638
6500.00000000 -0.68575839 0.22377789 0.01154825 -0.92108452
6600.00000000 -0.68571312 0.22354767 0.01154014 -0.92080092
6700.00000000 -0.68463876 0.22323148 0.01158773 -0.91945797
6800.00000000 -0.68416137 0.22300619 0.01156383 -0.91873139
6900.00000000 -0.68375024 0.22305697 0.01151833 -0.91832554
7000.00000000 -0.68121332 0.22229862 0.01160305 -0.91511500
7100.00000000 -0.68871338 0.22463869 0.01154876 -0.92490083
7200.00000000 -0.68811206 0.22448877 0.01157104 -0.92417186
7300.00000000 -0.68424407 0.22288358 0.01158311 -0.91871077
7400.00000000 -0.68519620 0.22344182 0.01157311 -0.92021114
7500.00000000 -0.72886336 0.15606181 0.01248683 -0.89741200
7600.00000000 -0.75223862 0.17667511 0.01418642 -0.94310015
7700.00000000 -0.76802883 0.17860496 0.01504352 -0.96167731
7800.00000000 -0.77926320 0.18863191 0.01611821 -0.98401332
7900.00000000 -0.78907598 0.19275589 0.01692686 -0.99875873
8000.00000000 -0.79079591 0.19677116 0.01765287 -1.00521994
8100.00000000 -0.79524953 0.20823312 0.01860850 -1.02209115
8200.00000000 -0.80224089 0.19999473 0.01856152 -1.02079713
8300.00000000 -0.80721210 0.20523345 0.01919187 -1.03163743
8400.00000000 -0.80569382 0.20719646 0.01981622 -1.03270650
8500.00000000 -0.80792308 0.20906635 0.02046291 -1.03745234
8600.00000000 -0.81283713 0.21306160 0.02116379 -1.04706252
8700.00000000 -0.81782325 0.21701285 0.02154453 -1.05638063
8800.00000000 -0.82358182 0.21919331 0.02158299 -1.06435812
8900.00000000 -0.82430434 0.22224867 0.02240420 -1.06895721
9000.00000000 -0.82330170 0.21903387 0.02211970 -1.06445527
9100.00000000 -0.82837266 0.22473134 0.02324955 -1.07635355
9200.00000000 -0.82905373 0.22452904 0.02348520 -1.07706797
9300.00000000 -0.83267413 0.22527702 0.02393704 -1.08188820
9400.00000000 -0.82950580 0.22326553 0.02410245 -1.07687378
9500.00000000 -0.83371948 0.22658741 0.02461399 -1.08492088
9600.00000000 -0.84035050 0.22815534 0.02464358 -1.09314942
9700.00000000 -0.84020576 0.23364475 0.02561713 -1.09946764
9800.00000000 -0.83762983 0.23547527 0.02601015 -1.09911525
9900.00000000 -0.83957402 0.23343053 0.02627914 -1.09928370
10000.00000000 -0.84341121 0.23468265 0.02651861 -1.10461247
10100.00000000 -0.84322906 0.22927831 0.02641476 -1.09892213
10200.00000000 -0.84391097 0.23790367 0.02730978 -1.10912442
10300.00000000 -0.85169907 0.24111643 0.02752091 -1.12033641
10400.00000000 -0.85041525 0.24115109 0.02791498 -1.11948133
10500.00000000 -0.84576447 0.23874590 0.02813931 -1.11264968
10600.00000000 -0.84984765 0.24169290 0.02850547 -1.12004602
10700.00000000 -0.85020883 0.24298650 0.02912353 -1.12231886
10800.00000000 -0.85122339 0.24155726 0.02925975 -1.12204039
10900.00000000 -0.85434124 0.24389060 0.02935751 -1.12758934
11000.00000000 -0.85124581 0.24050844 0.02959795 -1.12135220
11100.00000000 -0.85241218 0.24115063 0.02997961 -1.12354243
11200.00000000 -0.85520788 0.23894329 0.02979526 -1.12394643
11300.00000000 -0.85856339 0.24381730 0.03035039 -1.13273108
11400.00000000 -0.85583883 0.24534668 0.03059214 -1.13177764
11500.00000000 -0.85533417 0.24619785 0.03177759 -1.13330960
11600.00000000 -0.85634710 0.24766913 0.03209324 -1.13610947
11700.00000000 -0.86147580 0.25065270 0.03194261 -1.14407110
11800.00000000 -0.86124133 0.24911214 0.03212678 -1.14248025
11900.00000000 -0.86491215 0.24644601 0.03171289 -1.14307106
12000.00000000 -0.86312667 0.25152749 0.03301492 -1.14766908
12100.00000000 -0.85748562 0.27017647 0.03431008 -1.16197217
12200.00000000 -0.86300518 0.25435001 0.03412811 -1.15148330
12300.00000000 -0.86302169 0.25142699 0.03407345 -1.14852214
12400.00000000 -0.86529466 0.25261039 0.03402862 -1.15193367
12500.00000000 -0.86648854 0.25116694 0.03396551 -1.15162098
12600.00000000 -0.86589450 0.25587979 0.03464773 -1.15642202
12700.00000000 -0.86504491 0.25597242 0.03455127 -1.15556860
12800.00000000 -0.86920647 0.25245479 0.03497605 -1.15663731
12900.00000000 -0.86553679 0.25972703 0.03540599 -1.16066980
13000.00000000 -0.87380137 0.25714916 0.03568916 -1.16663969
13100.00000000 -0.86703324 0.25476295 0.03619356 -1.15798974
13200.00000000 -0.86640542 0.25469965 0.03659916 -1.15770423
13300.00000000 -0.87195023 0.25422218 0.03558220 -1.16175461
13400.00000000 -0.87431781 0.26036882 0.03656609 -1.17125273
13500.00000000 -0.87537309 0.25579202 0.03639785 -1.16756296
13600.00000000 -0.87095797 0.25973231 0.03698152 -1.16767180
13700.00000000 -0.87550891 0.25922313 0.03736469 -1.17209673
13800.00000000 -0.87365343 0.25731179 0.03752089 -1.16848612
13900.00000000 -0.86856047 0.25999516 0.03855624 -1.16711187
14000.00000000 -0.87158813 0.26071432 0.03865523 -1.17095768
14100.00000000 -0.87277740 0.25890264 0.03854141 -1.17022145
14200.00000000 -0.87793654 0.26184323 0.03861859 -1.17839837
14300.00000000 -0.87417495 0.25895995 0.03888900 -1.17202389
14400.00000000 -0.87684235 0.26006141 0.03891444 -1.17581820
14500.00000000 -0.87270428 0.26082036 0.03922679 -1.17275143
14600.00000000 -0.87388763 0.25854844 0.03947326 -1.17190933
14700.00000000 -0.87548051 0.26447010 0.04013707 -1.18008769
14800.00000000 -0.87573969 0.26030508 0.03991494 -1.17595971
14900.00000000 -0.87784310 0.26219001 0.04003693 -1.18007004
15000.00000000 -0.87420890 0.26035643 0.04062703 -1.17519236
15100.00000000 -0.87612104 0.26273721 0.04080851 -1.17966676
15200.00000000 -0.87716059 0.26118600 0.04081769 -1.17916429
15300.00000000 -0.88093070 0.26580691 0.04125317 -1.18799078
15400.00000000 -0.87840851 0.26274309 0.04098983 -1.18214142
15500.00000000 -0.87907119 0.26483074 0.04124834 -1.18515027
15600.00000000 -0.87988024 0.26463887 0.04192112 -1.18644023
15700.00000000 -0.87690876 0.26521048 0.04148810 -1.18360734
15800.00000000 -0.88076777 0.26551476 0.04260292 -1.18888545
15900.00000000 -0.87884982 0.26850149 0.04297180 -1.19032311
16000.00000000 -0.87331239 0.26300421 0.04221004 -1.17852664
16100.00000000 -0.87723136 0.26706764 0.04214063 -1.18643963
16200.00000000 -0.87620594 0.26879182 0.04130132 -1.18629909
16300.00000000 -0.88023062 0.26644182 0.04334109 -1.19001353
16400.00000000 -0.88247858 0.26675114 0.04375546 -1.19298518
16500.00000000 -0.88064963 0.26594326 0.04363307 -1.19022596
16600.00000000 -0.88102016 0.26741618 0.04390833 -1.19234467
16700.00000000 -0.88249500 0.26350459 0.04313429 -1.18913388
16800.00000000 -0.88389095 0.26654756 0.04426042 -1.19469893
16900.00000000 -0.86856929 0.28369972 0.03946030 -1.19172931
17000.00000000 -0.87540336 0.27212477 0.04154449 -1.18907261
17100.00000000 -0.88383542 0.26750225 0.04387041 -1.19520807
17200.00000000 -0.87690319 0.26559687 0.04500376 -1.18750381
17300.00000000 -0.88388268 0.26860332 0.04461368 -1.19709969
17400.00000000 -0.88008513 0.26784086 0.04518590 -1.19311190
17500.00000000 -0.88494389 0.26637605 0.04420750 -1.19552743
17600.00000000 -0.88491261 0.26968461 0.04512864 -1.19972587
17700.00000000 -0.88102525 0.26604161 0.04506657 -1.19213343
17800.00000000 -0.88229107 0.26863068 0.04516536 -1.19608712
17900.00000000 -0.87498596 0.26171863 0.03899584 -1.17570043
18000.00000000 -0.88256771 0.26587811 0.04485800 -1.19330382
18100.00000000 -0.88224015 0.26820675 0.04624724 -1.19669414
18200.00000000 -0.87827356 0.26692623 0.04680918 -1.19200897
18300.00000000 -0.88529741 0.26909596 0.04582567 -1.20021904
18400.00000000 -0.88067849 0.26834705 0.04635753 -1.19538307
18500.00000000 -0.88890248 0.27030271 0.04625035 -1.20545554
18600.00000000 -0.88207544 0.26709890 0.04614364 -1.19531798
18700.00000000 -0.88209124 0.26769277 0.04677816 -1.19656217
18800.00000000 -0.88283561 0.26576573 0.04640957 -1.19501090
18900.00000000 -0.88132355 0.26961869 0.04715487 -1.19809711
19000.00000000 -0.88337883 0.27792913 0.04566643 -1.20697439
19100.00000000 -0.87824534 0.27878469 0.04616388 -1.20319390
19200.00000000 -0.88837545 0.26985237 0.04584621 -1.20407403
19300.00000000 -0.88433238 0.26979613 0.04774884 -1.20187736
19400.00000000 -0.88598501 0.27017984 0.04720906 -1.20337391
19500.00000000 -0.88520233 0.27021062 0.04767676 -1.20308971
19600.00000000 -0.88864653 0.27076858 0.04715098 -1.20656610
19700.00000000 -0.88668074 0.27148390 0.04775737 -1.20592201
19800.00000000 -0.88544415 0.27018899 0.04783829 -1.20347142
19900.00000000 -0.88527691 0.26983446 0.04700954 -1.20212090
20000.00000000 -0.88596351 0.26989046 0.04747440 -1.20332837
20100.00000000 -0.88036402 0.26138955 0.04601799 -1.18777156
20200.00000000 -0.88419050 0.27006918 0.04834091 -1.20260060
20300.00000000 -0.88448349 0.27022275 0.04840814 -1.20311439
20400.00000000 -0.88769133 0.27094230 0.04822059 -1.20685422
20500.00000000 -0.88891438 0.27025712 0.04756888 -1.20674038
20600.00000000 -0.88544012 0.27031162 0.04826733 -1.20401907
20700.00000000 -0.87451887 0.27818367 0.04335025 -1.19605279
20800.00000000 -0.88449368 0.27232981 0.04903737 -1.20586085
20900.00000000 -0.87988954 0.26869398 0.04945326 -1.19803679
21000.00000000 -0.88402339 0.27052170 0.04924295 -1.20378804
21100.00000000 -0.88966760 0.27260578 0.04891112 -1.21118450
21200.00000000 -0.88606397 0.27184585 0.04891675 -1.20682657
21300.00000000 -0.88627890 0.26960987 0.04848829 -1.20437706
21400.00000000 -0.88262561 0.28041574 0.04589367 -1.20893502
21500.00000000 -0.88194087 0.26788095 0.04788560 -1.19770741
21600.00000000 -0.88544357 0.27079579 0.04917446 -1.20541382
21700.00000000 -0.88250318 0.27055445 0.04995614 -1.20301378
21800.00000000 -0.89131010 0.27145621 0.04878667 -1.21155298
21900.00000000 -0.88868126 0.27300239 0.04963818 -1.21132183
22000.00000000 -0.87648040 0.27190027 0.04493853 -1.19331920
22100.00000000 -0.88839028 0.27247179 0.04908742 -1.20994949
22200.00000000 -0.88820993 0.27243182 0.04949943 -1.21014118
22300.00000000 -0.88770952 0.27299741 0.04989548 -1.21060240
22400.00000000 -0.88418882 0.27243894 0.04975368 -1.20638144
22500.00000000 -0.89006291 0.27423635 0.04963802 -1.21393728
22600.00000000 -0.87670083 0.26938254 0.04439555 -1.19047892
22700.00000000 -0.88067080 0.26986352 0.05088420 -1.20141852
22800.00000000 -0.88188714 0.27070406 0.05047157 -1.20306277
22900.00000000 -0.88864100 0.27405638 0.05000335 -1.21270072
23000.00000000 -0.88748252 0.27330536 0.05157441 -1.21236229
23100.00000000 -0.88703600 0.27226973 0.05035803 -1.20966375
23200.00000000 -0.88721290 0.27239168 0.05056700 -1.21017158
23300.00000000 -0.87704277 0.27052492 0.04196853 -1.18953621
23400.00000000 -0.88023300 0.26639882 0.04725959 -1.19389141
23500.00000000 -0.88645927 0.27138442 0.04995169 -1.20779538
23600.00000000 -0.88440569 0.27060774 0.05057789 -1.20559132
23700.00000000 -0.88731038 0.27238500 0.05095042 -1.21064579
23800.00000000 -0.88813774 0.27244058 0.05043022 -1.21100855
23900.00000000 -0.88622878 0.27303016 0.05069925 -1.20995820
24000.00000000 -0.88938930 0.27517027 0.05037753 -1.21493709
