100.00000000 -0.04243502 0.01382056 0.00030745 -0.05656303
200.00000000 -0.04645034 0.01162205 0.00035984 -0.05843222
300.00000000 -0.05263191 0.01440326 0.00056975 -0.06760492
400.00000000 -0.05527440 0.01531619 0.00069726 -0.07128785
500.00000000 -0.05656198 0.01600909 0.00083165 -0.07340273
600.00000000 -0.05786356 0.01644039 0.00093487 -0.07523882
700.00000000 -0.05885719 0.01720642 0.00101221 -0.07707582
800.00000000 -0.05885659 0.01896097 0.00109940 -0.07891696
900.00000000 -0.05948760 0.01671331 0.00109776 -0.07729866
1000.00000000 -0.05972574 0.01786179 0.00127489 -0.07886242
1100.00000000 -0.05993745 0.01822023 0.00135223 -0.07950991
1200.00000000 -0.06023546 0.01879113 0.00141662 -0.08044321
1300.00000000 -0.06062056 0.01794769 0.00143825 -0.08000650
1400.00000000 -0.06126564 0.01864907 0.00150099 -0.08141570
1500.00000000 -0.06130064 0.01905599 0.00158184 -0.08193848
1600.00000000 -0.06012832 0.01879579 0.00136622 -0.08029033
1700.00000000 -0.06150240 0.01886671 0.00165543 -0.08202454
1800.00000000 -0.06107179 0.01951830 0.00171823 -0.08230831
1900.00000000 -0.06169230 0.01932140 0.00175272 -0.08276642
2000.00000000 -0.06164862 0.01903420 0.00180226 -0.08248508
2100.00000000 -0.06178141 0.01888208 0.00180228 -0.08246577
2200.00000000 -0.06179666 0.01954288 0.00191217 -0.08325171
2300.00000000 -0.06183696 0.01951910 0.00184807 -0.08320412
2400.00000000 -0.06164522 0.01969597 0.00181869 -0.08315988
2500.00000000 -0.06132906 0.02040328 0.00167782 -0.08341015
2600.00000000 -0.06204310 0.01930966 0.00198502 -0.08333778
2700.00000000 -0.06159099 0.01990658 0.00204090 -0.08353847
2800.00000000 -0.06183785 0.01903728 0.00202512 -0.08290025
2900.00000000 -0.06221308 0.01957140 0.00204421 -0.08382869
3000.00000000 -0.06193215 0.01985344 0.00193510 -0.08372070
3100.00000000 -0.06223624 0.01910455 0.00200368 -0.08334447
3200.00000000 -0.06228085 0.01957030 0.00211640 -0.08396754
3300.00000000 -0.06239217 0.01946470 0.00211771 -0.08397458
3400.00000000 -0.06212853 0.01932032 0.00218694 -0.08363579
3500.00000000 -0.06110005 0.01936835 0.00155848 -0.08202688
3600.00000000 -0.06229202 0.01957463 0.00204169 -0.08390833
3700.00000000 -0.06221742 0.02029059 0.00210858 -0.08461660
3800.00000000 -0.06151332 0.02182836 0.00197580 -0.08531748
3900.00000000 -0.06174510 0.01826390 0.00191785 -0.08192685
4000.00000000 -0.06241862 0.01962903 0.00224424 -0.08429189
4100.00000000 -0.06243792 0.01969015 0.00226702 -0.08439510
4200.00000000 -0.06226343 0.01939570 0.00228706 -0.08394619
4300.00000000 -0.05434832 0.01811493 0.00096008 -0.07342332
4400.00000000 -0.06124335 0.01919778 0.00166882 -0.08210995
4500.00000000 -0.05939650 0.02267021 0.00172349 -0.08379021
4600.00000000 -0.06204565 0.01936448 0.00201391 -0.08342404
4700.00000000 -0.06233176 0.01968183 0.00205768 -0.08407128
4800.00000000 -0.06206994 0.01977540 0.00206673 -0.08391207
4900.00000000 -0.06236948 0.01931021 0.00209030 -0.08377000
5000.00000000 -0.06223266 0.01931470 0.00221306 -0.08376043
5100.00000000 -0.06226656 0.01977892 0.00223616 -0.08428165
5200.00000000 -0.06210335 0.01963498 0.00209590 -0.08383424
5300.00000000 -0.06214834 0.01954998 0.00228523 -0.08398356
5400.00000000 -0.06217882 0.01957201 0.00232424 -0.08407508
5500.00000000 -0.06199072 0.01976504 0.00229690 -0.08405265
5600.00000000 -0.06147807 0.01842913 0.00192139 -0.08182859
5700.00000000 -0.06212858 0.01972176 0.00233799 -0.08418833
5800.00000000 -0.06250993 0.01971607 0.00237495 -0.08460095
5900.00000000 -0.06245758 0.01972114 0.00240743 -0.08458615
6000.00000000 -0.06227152 0.01964225 0.00239343 -0.08430720
6100.00000000 -0.06229715 0.01966299 0.00242656 -0.08438670
6200.00000000 -0.06259851 0.01976674 0.00239797 -0.08476322
6300.00000000 -0.06261069 0.01977216 0.00240346 -0.08478632
6400.00000000 -0.06231405 0.01966860 0.00242509 -0.08440774
6500.00000000 -0.06258852 0.01976673 0.00242311 -0.08477835
6600.00000000 -0.06243646 0.01971667 0.00242135 -0.08457449
6700.00000000 -0.06232832 0.01967683 0.00244641 -0.08445155
6800.00000000 -0.06258681 0.01977558 0.00242665 -0.08478904
6900.00000000 -0.06245604 0.01974501 0.00246682 -0.08466786
7000.00000000 -0.06272084 0.01981771 0.00241346 -0.08495201
7100.00000000 -0.06239116 0.01980271 0.00244794 -0.08464181
7200.00000000 -0.06253519 0.01984908 0.00244227 -0.08482653
7300.00000000 -0.06252424 0.01973448 0.00245257 -0.08471128
7400.00000000 -0.06244478 0.01958301 0.00251772 -0.08454551
7500.00000000 -0.06239297 0.01966648 0.00241621 -0.08447566
7600.00000000 -0.06244719 0.01954532 0.00252688 -0.08451939
7700.00000000 -0.06242950 0.01988536 0.00252021 -0.08483507
7800.00000000 -0.06102246 0.01993505 0.00194558 -0.08290309
7900.00000000 -0.06235764 0.01949638 0.00243701 -0.08429103
8000.00000000 -0.06232014 0.01973176 0.00254447 -0.08459636
8100.00000000 -0.06262305 0.01983979 0.00255347 -0.08501632
8200.00000000 -0.06250616 0.01980304 0.00257840 -0.08488759
8300.00000000 -0.06252731 0.02006235 0.00255176 -0.08514142
8400.00000000 -0.06264980 0.02007739 0.00255668 -0.08528388
8500.00000000 -0.06240881 0.01941595 0.00260585 -0.08443061
8600.00000000 -0.06247815 0.01975694 0.00253027 -0.08476537
8700.00000000 -0.06266145 0.01985530 0.00255655 -0.08507331
8800.00000000 -0.06242767 0.01983819 0.00252663 -0.08479249
8900.00000000 -0.06234413 0.01994942 0.00255861 -0.08485216
9000.00000000 -0.06250596 0.01992447 0.00256862 -0.08499904
9100.00000000 -0.06254238 0.01983237 0.00259305 -0.08496780
9200.00000000 -0.06233190 0.01974382 0.00259033 -0.08466604
9300.00000000 -0.06247848 0.01979272 0.00257537 -0.08484657
9400.00000000 -0.06249568 0.01979019 0.00256582 -0.08485170
9500.00000000 -0.06254987 0.01983782 0.00259576 -0.08498345
9600.00000000 -0.06234396 0.01975272 0.00259621 -0.08469289
9700.00000000 -0.06242117 0.01979710 0.00263153 -0.08484979
9800.00000000 -0.06252947 0.01983536 0.00260897 -0.08497380
9900.00000000 -0.06254733 0.01982523 0.00259284 -0.08496540
10000.00000000 -0.06265136 0.01987432 0.00259418 -0.08511986
10100.00000000 -0.06247391 0.01981116 0.00261466 -0.08489972
10200.00000000 -0.06244619 0.01981103 0.00263483 -0.08489206
10300.00000000 -0.06234690 0.01977129 0.00263479 -0.08475298
10400.00000000 -0.06247540 0.01990482 0.00264983 -0.08503005
10500.00000000 -0.06262006 0.01986895 0.00262751 -0.08511651
10600.00000000 -0.06249260 0.01987051 0.00261135 -0.08497447
10700.00000000 -0.06246189 0.01988848 0.00265293 -0.08500330
10800.00000000 -0.06260567 0.01977554 0.00262336 -0.08500458
10900.00000000 -0.06225505 0.01974556 0.00262308 -0.08462369
11000.00000000 -0.06266344 0.01995010 0.00263490 -0.08524845
11100.00000000 -0.06257324 0.01985838 0.00261738 -0.08504900
11200.00000000 -0.06273053 0.01991316 0.00261232 -0.08525601
11300.00000000 -0.06230146 0.01975738 0.00264063 -0.08469947
11400.00000000 -0.06253746 0.01984583 0.00264129 -0.08502459
11500.00000000 -0.06258819 0.01985702 0.00263169 -0.08507689
11600.00000000 -0.06253598 0.01985193 0.00265305 -0.08504096
11700.00000000 -0.06212598 0.01971357 0.00266574 -0.08450529
11800.00000000 -0.06222213 0.01972518 0.00264919 -0.08459650
11900.00000000 -0.06265273 0.01988459 0.00261433 -0.08515165
12000.00000000 -0.06247463 0.01981815 0.00263810 -0.08493087
12100.00000000 -0.06244510 0.01980417 0.00262938 -0.08487865
12200.00000000 -0.06253157 0.01984667 0.00264215 -0.08502039
12300.00000000 -0.06253851 0.01988166 0.00268253 -0.08510269
12400.00000000 -0.06225006 0.01975712 0.00267121 -0.08467839
12500.00000000 -0.06242381 0.01980061 0.00268228 -0.08490670
12600.00000000 -0.06250250 0.01981894 0.00264928 -0.08497072
12700.00000000 -0.06274509 0.01993132 0.00263522 -0.08531164
12800.00000000 -0.06235361 0.01975051 0.00263686 -0.08474098
12900.00000000 -0.06262855 0.01988877 0.00263891 -0.08515622
13000.00000000 -0.06255086 0.01992963 0.00266809 -0.08514857
13100.00000000 -0.06257063 0.01981472 0.00262138 -0.08500674
13200.00000000 -0.06276683 0.01995640 0.00260399 -0.08532722
13300.00000000 -0.06243766 0.01983242 0.00265252 -0.08492260
13400.00000000 -0.06225349 0.01968871 0.00263682 -0.08457902
13500.00000000 -0.06230198 0.01979409 0.00273087 -0.08482694
13600.00000000 -0.06259684 0.01969733 0.00265889 -0.08495305
13700.00000000 -0.06281033 0.01995010 0.00264449 -0.08540492
13800.00000000 -0.06267731 0.01989816 0.00265183 -0.08522730
13900.00000000 -0.06259264 0.01985677 0.00262912 -0.08507853
14000.00000000 -0.06258070 0.01991695 0.00265339 -0.08515104
14100.00000000 -0.06261244 0.01988016 0.00265818 -0.08515078
14200.00000000 -0.06252526 0.01983850 0.00267545 -0.08503921
14300.00000000 -0.06250824 0.01985243 0.00269888 -0.08505955
14400.00000000 -0.06261008 0.01988669 0.00265787 -0.08515463
14500.00000000 -0.06275034 0.01995030 0.00267844 -0.08537908
14600.00000000 -0.06279325 0.01995122 0.00265825 -0.08540271
14700.00000000 -0.06259842 0.01987952 0.00268540 -0.08516334
14800.00000000 -0.06271234 0.01998558 0.00261378 -0.08531170
14900.00000000 -0.06251836 0.01957365 0.00260635 -0.08469835
15000.00000000 -0.06274299 0.01991684 0.00263611 -0.08529595
15100.00000000 -0.06257332 0.01988306 0.00268537 -0.08514176
15200.00000000 -0.06258384 0.01990061 0.00266824 -0.08515269
15300.00000000 -0.06227769 0.01976382 0.00269480 -0.08473631
15400.00000000 -0.06272862 0.01980435 0.00265904 -0.08519202
15500.00000000 -0.06254366 0.01987079 0.00266065 -0.08507510
15600.00000000 -0.06218641 0.01973631 0.00270083 -0.08462355
15700.00000000 -0.06254165 0.01988965 0.00269926 -0.08513057
15800.00000000 -0.06276085 0.01992734 0.00263959 -0.08532778
15900.00000000 -0.06264142 0.01990822 0.00269794 -0.08524758
16000.00000000 -0.06252967 0.01986725 0.00267965 -0.08507657
16100.00000000 -0.06249943 0.01984333 0.00267860 -0.08502135
16200.00000000 -0.06260210 0.01986571 0.00266823 -0.08513603
16300.00000000 -0.06224511 0.01973912 0.00267099 -0.08465523
16400.00000000 -0.06252525 0.01987633 0.00273142 -0.08513301
16500.00000000 -0.06233261 0.01977542 0.00267202 -0.08478004
16600.00000000 -0.06251668 0.01984544 0.00265948 -0.08502160
16700.00000000 -0.06265721 0.01989582 0.00266843 -0.08522146
16800.00000000 -0.06249537 0.01986637 0.00272040 -0.08508214
16900.00000000 -0.06252749 0.01987129 0.00268876 -0.08508754
17000.00000000 -0.06252735 0.01985656 0.00266174 -0.08504564
17100.00000000 -0.06238233 0.01981124 0.00271344 -0.08490700
17200.00000000 -0.06249225 0.01985699 0.00267256 -0.08502179
17300.00000000 -0.06260207 0.01988430 0.00267867 -0.08516504
17400.00000000 -0.06249273 0.01987358 0.00274056 -0.08510687
17500.00000000 -0.06230174 0.01979614 0.00271233 -0.08481021
17600.00000000 -0.06261865 0.01992356 0.00271411 -0.08525632
17700.00000000 -0.06230557 0.01977513 0.00268566 -0.08476636
17800.00000000 -0.06259748 0.01987930 0.00268100 -0.08515777
17900.00000000 -0.06234297 0.01978549 0.00269406 -0.08482253
18000.00000000 -0.06241822 0.01981176 0.00266874 -0.08489871
18100.00000000 -0.06261518 0.01990031 0.00268918 -0.08520467
18200.00000000 -0.06276818 0.01993884 0.00266605 -0.08537307
18300.00000000 -0.06272416 0.01990103 0.00263271 -0.08525790
18400.00000000 -0.06241589 0.01980858 0.00267119 -0.08489566
18500.00000000 -0.06235174 0.01981046 0.00272607 -0.08488827
18600.00000000 -0.06271813 0.01992467 0.00267449 -0.08531729
18700.00000000 -0.06272718 0.01993146 0.00268972 -0.08534836
18800.00000000 -0.06233264 0.01981698 0.00275251 -0.08490213
18900.00000000 -0.06284255 0.01996583 0.00263976 -0.08544815
19000.00000000 -0.06271334 0.01994743 0.00270447 -0.08536524
19100.00000000 -0.06259730 0.01991794 0.00273895 -0.08525420
19200.00000000 -0.06239815 0.01979755 0.00267942 -0.08487512
19300.00000000 -0.06240074 0.01981028 0.00267693 -0.08488796
19400.00000000 -0.06257946 0.01986644 0.00265975 -0.08510565
19500.00000000 -0.06247943 0.01982031 0.00267880 -0.08497854
19600.00000000 -0.06244390 0.01985203 0.00272735 -0.08502328
19700.00000000 -0.06245249 0.01983461 0.00270433 -0.08499143
19800.00000000 -0.06247820 0.01984783 0.00270057 -0.08502660
19900.00000000 -0.06272759 0.01993876 0.00268713 -0.08535347
20000.00000000 -0.06238686 0.01981587 0.00270778 -0.08491050
