100.00000000 -0.09882643 0.00481938 0.00122184 -0.10486765
200.00000000 -0.13302867 0.01629378 0.00258913 -0.15191157
300.00000000 -0.14600042 0.03428985 0.00380793 -0.18409820
400.00000000 -0.14895875 0.04507101 0.00435054 -0.19838029
500.00000000 -0.14811228 0.04738273 0.00448016 -0.19997518
600.00000000 -0.14896213 0.04802152 0.00449824 -0.20148189
700.00000000 -0.14862622 0.04801535 0.00450092 -0.20114249
800.00000000 -0.14837614 0.04805304 0.00449208 -0.20092125
900.00000000 -0.14787625 0.04776283 0.00450185 -0.20014094
1000.00000000 -0.14851193 0.04833461 0.00448651 -0.20133305
1100.00000000 -0.14865442 0.04798011 0.00450470 -0.20113923
1200.00000000 -0.16447513 0.03285888 0.00472212 -0.20205612
1300.00000000 -0.17559397 0.03948128 0.00577827 -0.22085352
1400.00000000 -0.18113138 0.04346758 0.00650576 -0.23110472
1500.00000000 -0.18638490 0.04669273 0.00724275 -0.24032038
1600.00000000 -0.18877712 0.04858131 0.00777376 -0.24513218
1700.00000000 -0.19061098 0.05017515 0.00833678 -0.24912290
1800.00000000 -0.19216213 0.05121812 0.00868681 -0.25206706
1900.00000000 -0.19528290 0.05185447 0.00900765 -0.25614503
2000.00000000 -0.19545412 0.05379158 0.00917250 -0.25841820
2100.00000000 -0.19684981 0.05405929 0.00981705 -0.26072615
2200.00000000 -0.19864536 0.05370086 0.00996920 -0.26231542
2300.00000000 -0.19834758 0.05319087 0.01013685 -0.26167530
2400.00000000 -0.19907685 0.05512626 0.01065297 -0.26485607
2500.00000000 -0.20103223 0.05603129 0.01087218 -0.26793569
2600.00000000 -0.20101911 0.05550101 0.01112586 -0.26764598
2700.00000000 -0.20122352 0.05546802 0.01095335 -0.26764488
2800.00000000 -0.20207294 0.05713457 0.01156489 -0.27077240
2900.00000000 -0.20207652 0.05727663 0.01192995 -0.27128309
3000.00000000 -0.20308798 0.05731617 0.01187995 -0.27228409
3100.00000000 -0.20320289 0.05558960 0.01178232 -0.27057481
3200.00000000 -0.20155577 0.05917122 0.01140803 -0.27213502
3300.00000000 -0.20488133 0.05888265 0.01246063 -0.27622461
3400.00000000 -0.20309214 0.05832568 0.01267724 -0.27409506
3500.00000000 -0.20544230 0.05848838 0.01279166 -0.27672234
3600.00000000 -0.20521084 0.06039712 0.01313695 -0.27874491
3700.00000000 -0.20239221 0.06496869 0.01213425 -0.27949515
3800.00000000 -0.20600306 0.05954305 0.01258299 -0.27812910
3900.00000000 -0.20516368 0.06023342 0.01326886 -0.27866596
4000.00000000 -0.20577690 0.05990141 0.01357887 -0.27925718
4100.00000000 -0.20674789 0.06024064 0.01356636 -0.28055489
4200.00000000 -0.20603252 0.05852504 0.01374044 -0.27829799
4300.00000000 -0.20770801 0.06095183 0.01402223 -0.28268206
4400.00000000 -0.20539859 0.06121971 0.01385353 -0.28047183
4500.00000000 -0.20655883 0.06041837 0.01342591 -0.28040311
4600.00000000 -0.20739122 0.06100761 0.01435938 -0.28275821
4700.00000000 -0.20730505 0.06097943 0.01430010 -0.28258458
4800.00000000 -0.20707580 0.06056531 0.01462107 -0.28226218
4900.00000000 -0.20761301 0.05989812 0.01446971 -0.28198084
5000.00000000 -0.20735971 0.06154981 0.01394176 -0.28285128
5100.00000000 -0.20743100 0.06007820 0.01442793 -0.28193712
5200.00000000 -0.20832000 0.06112045 0.01447963 -0.28392008
5300.00000000 -0.20787265 0.06210229 0.01531023 -0.28528517
5400.00000000 -0.20899021 0.06214600 0.01512010 -0.28625631
5500.00000000 -0.20798018 0.06177348 0.01528178 -0.28503543
5600.00000000 -0.20781748 0.05983429 0.01472967 -0.28238145
5700.00000000 -0.20743830 0.06239526 0.01582549 -0.28565904
5800.00000000 -0.20902920 0.06235721 0.01521842 -0.28660482
5900.00000000 -0.20628769 0.06148056 0.01581998 -0.28358823
6000.00000000 -0.20773903 0.06441057 0.01616504 -0.28831464
6100.00000000 -0.20815049 0.06247062 0.01551412 -0.28613523
6200.00000000 -0.20915616 0.06250261 0.01566384 -0.28732261
6300.00000000 -0.20773819 0.06206010 0.01591079 -0.28570908
6400.00000000 -0.20971720 0.06277907 0.01596774 -0.28846401
6500.00000000 -0.20810021 0.05992045 0.01388160 -0.28190225
6600.00000000 -0.20877520 0.06246731 0.01595761 -0.28720012
6700.00000000 -0.20873337 0.06252609 0.01608970 -0.28734916
6800.00000000 -0.20803396 0.06057221 0.01504420 -0.28365037
6900.00000000 -0.20753258 0.06390005 0.01621227 -0.28764489
7000.00000000 -0.20935029 0.06274225 0.01624216 -0.28833470
7100.00000000 -0.20887815 0.06353250 0.01627744 -0.28868809
7200.00000000 -0.20826061 0.06426848 0.01545388 -0.28798297
7300.00000000 -0.20894651 0.06288842 0.01611633 -0.28795126
7400.00000000 -0.21013389 0.06289725 0.01636198 -0.28939313
7500.00000000 -0.20914738 0.06250842 0.01666057 -0.28831637
7600.00000000 -0.20927830 0.06357729 0.01600130 -0.28885689
7700.00000000 -0.20928552 0.06358832 0.01651290 -0.28938675
7800.00000000 -0.21033788 0.06198953 0.01597918 -0.28830659
7900.00000000 -0.20816271 0.06258305 0.01677521 -0.28752097
8000.00000000 -0.21002942 0.06400064 0.01654467 -0.29057473
8100.00000000 -0.20939540 0.06294531 0.01671233 -0.28905305
8200.00000000 -0.20806529 0.06257881 0.01676490 -0.28740901
8300.00000000 -0.20901756 0.06288099 0.01669063 -0.28858918
8400.00000000 -0.20905364 0.06361482 0.01622997 -0.28889844
8500.00000000 -0.21051835 0.06398550 0.01662794 -0.29113179
8600.00000000 -0.21004341 0.06450295 0.01698803 -0.29153439
8700.00000000 -0.20998697 0.06320649 0.01666375 -0.28985721
8800.00000000 -0.20891885 0.06298099 0.01679833 -0.28869817
8900.00000000 -0.20982440 0.06345557 0.01687463 -0.29015461
9000.00000000 -0.21022220 0.06212639 0.01634994 -0.28869852
9100.00000000 -0.20797065 0.06266915 0.01714344 -0.28778324
9200.00000000 -0.20875015 0.06293443 0.01695121 -0.28863579
9300.00000000 -0.20937546 0.06286269 0.01587520 -0.28811336
9400.00000000 -0.21004505 0.06333964 0.01669240 -0.29007709
9500.00000000 -0.20840059 0.06381835 0.01601327 -0.28823221
9600.00000000 -0.20957970 0.06375845 0.01721566 -0.29055381
9700.00000000 -0.20987854 0.06404988 0.01654048 -0.29046890
9800.00000000 -0.20872262 0.06257695 0.01660427 -0.28790385
9900.00000000 -0.20854354 0.06285456 0.01700008 -0.28839818
10000.00000000 -0.20826995 0.06220743 0.01687738 -0.28735477
10100.00000000 -0.20922257 0.06311690 0.01722985 -0.28956932
10200.00000000 -0.20822902 0.06286148 0.01694099 -0.28803149
10300.00000000 -0.21036638 0.06371224 0.01725935 -0.29133797
10400.00000000 -0.20976736 0.06330478 0.01692567 -0.28999782
10500.00000000 -0.20974592 0.06334910 0.01699862 -0.29009363
10600.00000000 -0.21005069 0.06363516 0.01730465 -0.29099050
10700.00000000 -0.20951742 0.06329098 0.01712066 -0.28992906
10800.00000000 -0.21140600 0.06385799 0.01692170 -0.29218569
10900.00000000 -0.21029487 0.06349854 0.01700597 -0.29079938
11000.00000000 -0.20930127 0.06329452 0.01696444 -0.28956023
11100.00000000 -0.20924875 0.06314570 0.01725238 -0.28964683
11200.00000000 -0.20985601 0.06332897 0.01695251 -0.29013750
11300.00000000 -0.20983007 0.06355856 0.01698655 -0.29037517
11400.00000000 -0.21079748 0.06375100 0.01706641 -0.29161489
11500.00000000 -0.20988610 0.06308943 0.01611582 -0.28909135
11600.00000000 -0.21056253 0.06356379 0.01704001 -0.29116634
11700.00000000 -0.21035531 0.06376331 0.01728593 -0.29140455
11800.00000000 -0.20982253 0.06337504 0.01713811 -0.29033569
11900.00000000 -0.21059662 0.06344944 0.01707703 -0.29112309
12000.00000000 -0.20992839 0.06329240 0.01706230 -0.29028308
