50.00000000 -0.12758581 0.00927663 -0.13686244
100.00000000 -0.15831091 0.02306810 -0.18137901
150.00000000 -0.16986942 0.04270511 -0.21257453
200.00000000 -0.17139907 0.05378698 -0.22518605
250.00000000 -0.17147356 0.05686984 -0.22834340
300.00000000 -0.17140812 0.05701613 -0.22842425
350.00000000 -0.17096486 0.05689398 -0.22785884
400.00000000 -0.17157638 0.05709803 -0.22867441
450.00000000 -0.17079514 0.05687064 -0.22766578
500.00000000 -0.17129688 0.05702279 -0.22831967
550.00000000 -0.17111802 0.05699345 -0.22811148
600.00000000 -0.17144527 0.05706289 -0.22850816
650.00000000 -0.17129451 0.05704530 -0.22833981
700.00000000 -0.17153605 0.05714549 -0.22868155
750.00000000 -0.17128614 0.05704242 -0.22832856
800.00000000 -0.17053409 0.05678653 -0.22732063
850.00000000 -0.17192660 0.05727688 -0.22920348
900.00000000 -0.17104073 0.05696833 -0.22800906
950.00000000 -0.17148028 0.05712354 -0.22860382
1000.00000000 -0.17127647 0.05705869 -0.22833516
1050.00000000 -0.17127789 0.05706349 -0.22834139
1100.00000000 -0.17175873 0.05722601 -0.22898474
1150.00000000 -0.17106140 0.05697797 -0.22803937
1200.00000000 -0.17153255 0.05716414 -0.22869669
1250.00000000 -0.17118001 0.05702392 -0.22820394
1300.00000000 -0.17110869 0.05700255 -0.22811124
1350.00000000 -0.17128623 0.05707402 -0.22836025
1400.00000000 -0.17143479 0.05713275 -0.22856754
1450.00000000 -0.17067927 0.05692272 -0.22760199
1500.00000000 -0.17144388 0.05713375 -0.22857763
1550.00000000 -0.17080929 0.05697609 -0.22778538
1600.00000000 -0.17147145 0.05715135 -0.22862279
1650.00000000 -0.17131006 0.05708994 -0.22839999
1700.00000000 -0.17084274 0.05693401 -0.22777675
1750.00000000 -0.17172401 0.05724005 -0.22896406
1800.00000000 -0.17129502 0.05709572 -0.22839074
1850.00000000 -0.17159618 0.05719448 -0.22879066
1900.00000000 -0.17140735 0.05709329 -0.22850063
1950.00000000 -0.17159445 0.05717506 -0.22876951
2000.00000000 -0.17123182 0.05705623 -0.22828805
2050.00000000 -0.17144928 0.05712466 -0.22857393
2100.00000000 -0.17132190 0.05707951 -0.22840141
2150.00000000 -0.17080908 0.05690592 -0.22771500
2200.00000000 -0.17100696 0.05698157 -0.22798853
2250.00000000 -0.17139309 0.05711890 -0.22851199
2300.00000000 -0.17076420 0.05689834 -0.22766253
2350.00000000 -0.17106239 0.05700604 -0.22806843
2400.00000000 -0.17196311 0.05730578 -0.22926889
2450.00000000 -0.17131440 0.05708138 -0.22839577
2500.00000000 -0.17191008 0.05728957 -0.22919965
2550.00000000 -0.17100555 0.05697158 -0.22797713
2600.00000000 -0.17196434 0.05731153 -0.22927587
2650.00000000 -0.17134199 0.05709752 -0.22843951
2700.00000000 -0.17147592 0.05714689 -0.22862281
2750.00000000 -0.17166447 0.05721250 -0.22887696
2800.00000000 -0.17155073 0.05717134 -0.22872207
2850.00000000 -0.17109622 0.05701783 -0.22811405
2900.00000000 -0.17071333 0.05689011 -0.22760344
2950.00000000 -0.17064359 0.05687035 -0.22751394
3000.00000000 -0.17179997 0.05726359 -0.22906356
3050.00000000 -0.17175638 0.05723937 -0.22899576
3100.00000000 -0.17143443 0.05714044 -0.22857487
3150.00000000 -0.17174851 0.05724316 -0.22899167
3200.00000000 -0.17170043 0.05722472 -0.22892515
3250.00000000 -0.17140522 0.05713243 -0.22853765
3300.00000000 -0.17135120 0.05710058 -0.22845177
3350.00000000 -0.17183664 0.05720464 -0.22904128
3400.00000000 -0.17152202 0.05626817 -0.22779019
3450.00000000 -0.17248493 0.05669714 -0.22918206
3500.00000000 -0.17233482 0.05745452 -0.22978933
3550.00000000 -0.17176582 0.05674996 -0.22851577
3600.00000000 -0.17155867 0.05705896 -0.22861764
3650.00000000 -0.17186292 0.05721354 -0.22907646
3700.00000000 -0.17122251 0.05684808 -0.22807059
3750.00000000 -0.17240667 0.05738058 -0.22978725
3800.00000000 -0.17214356 0.05697252 -0.22911608
3850.00000000 -0.17194400 0.05724743 -0.22919144
3900.00000000 -0.17298645 0.05746765 -0.23045410
3950.00000000 -0.17169831 0.05712085 -0.22881916
4000.00000000 -0.17203932 0.05726084 -0.22930016
4050.00000000 -0.17221056 0.05738993 -0.22960049
4100.00000000 -0.17220994 0.05758023 -0.22979017
4150.00000000 -0.17185427 0.05724138 -0.22909565
4200.00000000 -0.17207068 0.05724861 -0.22931929
4250.00000000 -0.17174090 0.05715801 -0.22889891
4300.00000000 -0.17173194 0.05723057 -0.22896251
4350.00000000 -0.17202855 0.05734425 -0.22937280
4400.00000000 -0.17253858 0.05743973 -0.22997831
4450.00000000 -0.17250547 0.05772011 -0.23022558
4500.00000000 -0.17263780 0.05754761 -0.23018540
4550.00000000 -0.17185754 0.05725483 -0.22911237
4600.00000000 -0.17176042 0.05758402 -0.22934444
4650.00000000 -0.17144876 0.05707959 -0.22852835
4700.00000000 -0.17117440 0.05658228 -0.22775668
4750.00000000 -0.17221251 0.05736756 -0.22958007
4800.00000000 -0.17237948 0.05746498 -0.22984445
4850.00000000 -0.17264464 0.05756158 -0.23020622
4900.00000000 -0.17170231 0.05731049 -0.22901280
4950.00000000 -0.17246057 0.05742790 -0.22988847
5000.00000000 -0.17151937 0.05714212 -0.22866149
5050.00000000 -0.17204335 0.05738199 -0.22942534
5100.00000000 -0.17204696 0.05731463 -0.22936159
5150.00000000 -0.17185256 0.05734956 -0.22920212
5200.00000000 -0.17183815 0.05726482 -0.22910297
5250.00000000 -0.17259505 0.05750709 -0.23010214
5300.00000000 -0.17202062 0.05733910 -0.22935972
5350.00000000 -0.17209469 0.05731191 -0.22940660
5400.00000000 -0.17204091 0.05729559 -0.22933650
5450.00000000 -0.17254455 0.05751740 -0.23006195
5500.00000000 -0.17231110 0.05744389 -0.22975500
5550.00000000 -0.17175713 0.05722380 -0.22898093
5600.00000000 -0.17227096 0.05740271 -0.22967367
5650.00000000 -0.17200679 0.05731308 -0.22931987
5700.00000000 -0.17119793 0.05704156 -0.22823949
5750.00000000 -0.17211105 0.05735569 -0.22946674
5800.00000000 -0.17198632 0.05729712 -0.22928344
5850.00000000 -0.17276686 0.05754305 -0.23030992
5900.00000000 -0.17172677 0.05721115 -0.22893792
5950.00000000 -0.17224329 0.05741554 -0.22965883
6000.00000000 -0.17227570 0.05746983 -0.22974552
6050.00000000 -0.17240335 0.05740227 -0.22980562
6100.00000000 -0.17218490 0.05739404 -0.22957894
6150.00000000 -0.17223821 0.05739862 -0.22963683
6200.00000000 -0.17188140 0.05727501 -0.22915640
6250.00000000 -0.17216699 0.05739142 -0.22955841
6300.00000000 -0.17214651 0.05733166 -0.22947817
6350.00000000 -0.17214294 0.05731702 -0.22945996
6400.00000000 -0.17218972 0.05737973 -0.22956945
6450.00000000 -0.17199183 0.05730277 -0.22929460
6500.00000000 -0.17296022 0.05767468 -0.23063490
6550.00000000 -0.17328629 0.05771583 -0.23100212
6600.00000000 -0.17178662 0.05725764 -0.22904426
6650.00000000 -0.17216696 0.05735253 -0.22951949
6700.00000000 -0.17234241 0.05743856 -0.22978097
6750.00000000 -0.17175724 0.05724765 -0.22900489
6800.00000000 -0.17222681 0.05741822 -0.22964503
6850.00000000 -0.17208510 0.05736092 -0.22944602
6900.00000000 -0.17203202 0.05731296 -0.22934498
6950.00000000 -0.17185897 0.05726000 -0.22911897
7000.00000000 -0.17211195 0.05738308 -0.22949503
7050.00000000 -0.17156268 0.05717825 -0.22874093
7100.00000000 -0.17216102 0.05738190 -0.22954293
7150.00000000 -0.17147725 0.05715535 -0.22863260
7200.00000000 -0.17205847 0.05736523 -0.22942370
7250.00000000 -0.17257048 0.05750041 -0.23007089
7300.00000000 -0.17178281 0.05727223 -0.22905503
7350.00000000 -0.17234370 0.05742629 -0.22976999
7400.00000000 -0.17234258 0.05744472 -0.22978730
7450.00000000 -0.17170499 0.05728454 -0.22898953
7500.00000000 -0.17229929 0.05737082 -0.22967011
7550.00000000 -0.17248902 0.05750360 -0.22999261
7600.00000000 -0.17200681 0.05731585 -0.22932266
7650.00000000 -0.17163595 0.05721154 -0.22884749
7700.00000000 -0.17229076 0.05742836 -0.22971912
7750.00000000 -0.17183107 0.05726187 -0.22909294
7800.00000000 -0.17205100 0.05730940 -0.22936040
7850.00000000 -0.17212477 0.05736342 -0.22948819
7900.00000000 -0.17201528 0.05733630 -0.22935158
7950.00000000 -0.17220284 0.05739716 -0.22960000
8000.00000000 -0.17204516 0.05736608 -0.22941124
