100.00000000 -0.24363364 0.03088123 0.00045742 -0.27497229
200.00000000 -0.28147417 0.06714604 0.00074205 -0.34936225
300.00000000 -0.29601857 0.09281328 0.00092156 -0.38975340
400.00000000 -0.29666230 0.09822348 0.00094641 -0.39583218
500.00000000 -0.29604162 0.09826598 0.00095197 -0.39525956
600.00000000 -0.29812626 0.09900274 0.00095364 -0.39808264
700.00000000 -0.29763728 0.09887657 0.00095248 -0.39746633
800.00000000 -0.29871641 0.09923001 0.00095197 -0.39889839
900.00000000 -0.29561019 0.09817307 0.00095360 -0.39473686
1000.00000000 -0.29576815 0.09822732 0.00095194 -0.39494741
1100.00000000 -0.29721331 0.09872781 0.00095253 -0.39689365
1200.00000000 -0.29709145 0.09495744 0.00101644 -0.39306533
1300.00000000 -0.34002073 0.08143559 0.00136124 -0.42281756
1400.00000000 -0.35532329 0.09308978 0.00169152 -0.45010459
1500.00000000 -0.36381400 0.09634570 0.00197603 -0.46213573
1600.00000000 -0.36713418 0.10849389 0.00221600 -0.47784406
1700.00000000 -0.37272055 0.10835918 0.00232729 -0.48340702
1800.00000000 -0.37601543 0.10974158 0.00266995 -0.48842695
1900.00000000 -0.37934719 0.11333201 0.00268604 -0.49536523
2000.00000000 -0.38049530 0.11411748 0.00290585 -0.49751863
2100.00000000 -0.38446028 0.10949382 0.00304647 -0.49700058
2200.00000000 -0.38566836 0.11332805 0.00315461 -0.50215101
2300.00000000 -0.38676685 0.11689772 0.00327751 -0.50694209
2400.00000000 -0.38860834 0.11377869 0.00337912 -0.50576615
2500.00000000 -0.38839002 0.11525581 0.00361414 -0.50725996
2600.00000000 -0.39142219 0.11491387 0.00368503 -0.51002109
2700.00000000 -0.39313047 0.12227367 0.00379261 -0.51919675
2800.00000000 -0.39251537 0.11701015 0.00383510 -0.51336062
2900.00000000 -0.39213278 0.12371187 0.00402915 -0.51987380
3000.00000000 -0.39561492 0.11989068 0.00408000 -0.51958561
3100.00000000 -0.39323573 0.12092046 0.00422213 -0.51837832
3200.00000000 -0.39483800 0.11985509 0.00433354 -0.51902664
3300.00000000 -0.39541520 0.12376561 0.00453022 -0.52371103
3400.00000000 -0.39650319 0.12625925 0.00438658 -0.52714902
3500.00000000 -0.39797530 0.12030660 0.00444983 -0.52273172
3600.00000000 -0.39779192 0.12214971 0.00465673 -0.52459836
3700.00000000 -0.39883319 0.12111419 0.00463137 -0.52457875
3800.00000000 -0.39833546 0.12565073 0.00479725 -0.52878344
3900.00000000 -0.39797788 0.12139852 0.00486535 -0.52424175
4000.00000000 -0.39772606 0.12137537 0.00466020 -0.52376163
4100.00000000 -0.40010860 0.12301133 0.00509238 -0.52821231
4200.00000000 -0.39687244 0.13044398 0.00519083 -0.53250724
4300.00000000 -0.39878571 0.12759787 0.00499755 -0.53138113
4400.00000000 -0.40188297 0.12534437 0.00541372 -0.53264105
4500.00000000 -0.40214474 0.12553801 0.00548712 -0.53316987
4600.00000000 -0.40145454 0.12564227 0.00546395 -0.53256077
4700.00000000 -0.40151187 0.12706648 0.00548857 -0.53406692
4800.00000000 -0.40107679 0.12742038 0.00580500 -0.53430218
4900.00000000 -0.40058714 0.12593479 0.00536220 -0.53188413
5000.00000000 -0.40138975 0.12477312 0.00531065 -0.53147352
5100.00000000 -0.40310051 0.12627047 0.00598339 -0.53535438
5200.00000000 -0.40301711 0.12564206 0.00600010 -0.53465927
5300.00000000 -0.40267115 0.12582044 0.00583216 -0.53432375
5400.00000000 -0.40231234 0.12498525 0.00607475 -0.53337234
5500.00000000 -0.40491194 0.12619697 0.00605733 -0.53716624
5600.00000000 -0.40399665 0.12711756 0.00626076 -0.53737497
5700.00000000 -0.40485003 0.12753996 0.00628317 -0.53867316
5800.00000000 -0.40148262 0.12835556 0.00574615 -0.53558433
5900.00000000 -0.40028500 0.12981351 0.00628828 -0.53638679
6000.00000000 -0.40132576 0.13151802 0.00603717 -0.53888094
6100.00000000 -0.40386657 0.12661906 0.00640709 -0.53689271
6200.00000000 -0.40628473 0.13038237 0.00665379 -0.54332089
6300.00000000 -0.40536006 0.12909783 0.00666145 -0.54111934
6400.00000000 -0.40481475 0.12953937 0.00664076 -0.54099488
6500.00000000 -0.40453514 0.12576818 0.00632564 -0.53662896
6600.00000000 -0.40488192 0.12813258 0.00680426 -0.53981876
6700.00000000 -0.40707255 0.12876099 0.00682013 -0.54265368
6800.00000000 -0.40490999 0.12763922 0.00687360 -0.53942281
6900.00000000 -0.40460268 0.12651257 0.00700532 -0.53812057
7000.00000000 -0.40412050 0.12709790 0.00659848 -0.53781688
7100.00000000 -0.40373193 0.13331275 0.00715092 -0.54419559
7200.00000000 -0.40609984 0.12952308 0.00705829 -0.54268122
7300.00000000 -0.40744798 0.12895899 0.00724951 -0.54365647
7400.00000000 -0.40664536 0.13101484 0.00728325 -0.54494345
7500.00000000 -0.40689426 0.12915382 0.00728963 -0.54333770
7600.00000000 -0.40688340 0.13003008 0.00741109 -0.54432458
7700.00000000 -0.40586765 0.12894818 0.00702186 -0.54183769
7800.00000000 -0.40176984 0.12884916 0.00671562 -0.53733462
7900.00000000 -0.40372001 0.11792628 0.00619122 -0.52783751
8000.00000000 -0.39703149 0.12590541 0.00546185 -0.52839875
8100.00000000 -0.40272142 0.13019665 0.00679370 -0.53971177
8200.00000000 -0.40482465 0.12699294 0.00728621 -0.53910381
8300.00000000 -0.40363997 0.12934531 0.00663386 -0.53961915
8400.00000000 -0.40733162 0.12936570 0.00752104 -0.54421836
8500.00000000 -0.40842914 0.13129036 0.00770548 -0.54742497
8600.00000000 -0.40686712 0.13190733 0.00786529 -0.54663974
8700.00000000 -0.40729067 0.12779161 0.00752634 -0.54260862
8800.00000000 -0.39466585 0.13304517 0.00605418 -0.53376520
8900.00000000 -0.40598434 0.13106263 0.00772209 -0.54476905
9000.00000000 -0.40721985 0.13153873 0.00806450 -0.54682308
9100.00000000 -0.40794592 0.12949660 0.00767407 -0.54511660
9200.00000000 -0.40397034 0.13126968 0.00706474 -0.54230475
9300.00000000 -0.40766364 0.13049515 0.00742357 -0.54558235
9400.00000000 -0.40821736 0.13036694 0.00800848 -0.54659277
9500.00000000 -0.40783761 0.13397934 0.00809772 -0.54991466
9600.00000000 -0.40785357 0.12976871 0.00799840 -0.54562068
9700.00000000 -0.40544832 0.13386580 0.00751087 -0.54682499
9800.00000000 -0.40569528 0.13035353 0.00781682 -0.54386562
9900.00000000 -0.40888825 0.13097252 0.00817938 -0.54804015
10000.00000000 -0.40951534 0.13093278 0.00781120 -0.54825932
10100.00000000 -0.40883551 0.13080066 0.00820871 -0.54784489
10200.00000000 -0.40784666 0.13439797 0.00845705 -0.55070168
10300.00000000 -0.40876994 0.13020013 0.00812773 -0.54709780
10400.00000000 -0.40770282 0.12937413 0.00758541 -0.54466236
10500.00000000 -0.39844383 0.12350506 0.00600170 -0.52795058
10600.00000000 -0.40756726 0.13197353 0.00811699 -0.54765779
10700.00000000 -0.40943568 0.13120280 0.00824997 -0.54888844
10800.00000000 -0.40925803 0.13088256 0.00819830 -0.54833889
10900.00000000 -0.40664673 0.12611158 0.00795208 -0.54071039
11000.00000000 -0.40883453 0.13316126 0.00855258 -0.55054837
11100.00000000 -0.40973984 0.12993762 0.00827901 -0.54795647
11200.00000000 -0.40766374 0.13167214 0.00844123 -0.54777712
11300.00000000 -0.39931144 0.13093789 0.00536803 -0.53561735
11400.00000000 -0.40563057 0.13082518 0.00753546 -0.54399121
11500.00000000 -0.40479908 0.13498373 0.00795085 -0.54773366
11600.00000000 -0.40231882 0.13007921 0.00888558 -0.54128361
11700.00000000 -0.40924610 0.13095687 0.00837320 -0.54857618
11800.00000000 -0.40890360 0.13103691 0.00848010 -0.54842061
11900.00000000 -0.40878107 0.13135831 0.00863933 -0.54877871
12000.00000000 -0.40722862 0.13141949 0.00861217 -0.54726028
12100.00000000 -0.40140951 0.13518484 0.00716601 -0.54376036
12200.00000000 -0.40673020 0.12969932 0.00791056 -0.54434007
12300.00000000 -0.40932743 0.13131584 0.00869036 -0.54933363
12400.00000000 -0.41032349 0.12967098 0.00819404 -0.54818851
12500.00000000 -0.40769113 0.13265261 0.00906756 -0.54941130
12600.00000000 -0.40902902 0.13273031 0.00866311 -0.55042243
12700.00000000 -0.40862389 0.13183144 0.00886657 -0.54932189
12800.00000000 -0.40316581 0.12520409 0.00647945 -0.53484935
12900.00000000 -0.40664965 0.13464624 0.00871241 -0.55000830
13000.00000000 -0.40884311 0.12731245 0.00851890 -0.54467446
13100.00000000 -0.41006100 0.12743759 0.00831127 -0.54580986
13200.00000000 -0.40746584 0.12830853 0.00812045 -0.54389483
13300.00000000 -0.40837366 0.13106649 0.00870288 -0.54814303
13400.00000000 -0.40934767 0.13135439 0.00874810 -0.54945016
13500.00000000 -0.40775740 0.12937802 0.00882960 -0.54596502
13600.00000000 -0.40872326 0.12796547 0.00873812 -0.54542685
13700.00000000 -0.40870656 0.12956990 0.00876525 -0.54704171
13800.00000000 -0.40546430 0.12819752 0.00821729 -0.54187912
13900.00000000 -0.39178981 0.12513706 0.00465407 -0.52158093
14000.00000000 -0.40562805 0.12952133 0.00680395 -0.54195333
14100.00000000 -0.40501106 0.12594475 0.00684922 -0.53780502
14200.00000000 -0.40909205 0.13185163 0.00864959 -0.54959327
14300.00000000 -0.40704319 0.13022566 0.00876024 -0.54602909
14400.00000000 -0.40743660 0.13076468 0.00860834 -0.54680961
14500.00000000 -0.40281405 0.12658028 0.00695073 -0.53634506
14600.00000000 -0.40519316 0.12998782 0.00766618 -0.54284716
14700.00000000 -0.40690980 0.13007982 0.00789834 -0.54488796
14800.00000000 -0.40951953 0.13069786 0.00798465 -0.54820204
14900.00000000 -0.41061085 0.13184141 0.00885888 -0.55131114
15000.00000000 -0.40881644 0.13196702 0.00887776 -0.54966122
15100.00000000 -0.40841499 0.13126606 0.00929722 -0.54897827
15200.00000000 -0.40808955 0.13257834 0.00934046 -0.55000836
15300.00000000 -0.40898696 0.13302769 0.00932432 -0.55133897
15400.00000000 -0.40811203 0.13154440 0.00880042 -0.54845685
15500.00000000 -0.40831090 0.12848867 0.00773148 -0.54453105
15600.00000000 -0.40863593 0.13531710 0.00944635 -0.55339938
15700.00000000 -0.40819858 0.13803941 0.00941302 -0.55565101
15800.00000000 -0.40889782 0.13251083 0.00894405 -0.55035269
15900.00000000 -0.40845175 0.12996295 0.00777842 -0.54619312
16000.00000000 -0.40676461 0.13378978 0.00788917 -0.54844356
16100.00000000 -0.39294088 0.13433401 0.00769694 -0.53497183
16200.00000000 -0.40735267 0.12833354 0.00805329 -0.54373950
16300.00000000 -0.40874042 0.13090751 0.00880618 -0.54845411
16400.00000000 -0.40744709 0.13318574 0.00839288 -0.54902571
16500.00000000 -0.40943147 0.13154863 0.00922066 -0.55020076
16600.00000000 -0.41097949 0.13216069 0.00906479 -0.55220497
16700.00000000 -0.41011719 0.13152629 0.00915642 -0.55079991
16800.00000000 -0.40949898 0.12576847 0.00854930 -0.54381675
16900.00000000 -0.40980481 0.13395293 0.00946879 -0.55322653
17000.00000000 -0.39669840 0.12315778 0.00645581 -0.52631199
17100.00000000 -0.40685848 0.13208696 0.00752216 -0.54646760
17200.00000000 -0.40651157 0.13060087 0.00805995 -0.54517239
17300.00000000 -0.40809843 0.12838097 0.00870104 -0.54518044
17400.00000000 -0.40948500 0.13478804 0.00901721 -0.55329025
17500.00000000 -0.40932022 0.13065861 0.00864867 -0.54862750
17600.00000000 -0.41076735 0.13235521 0.00920662 -0.55232918
17700.00000000 -0.40968823 0.13399756 0.00942773 -0.55311352
17800.00000000 -0.41049514 0.13635603 0.00953232 -0.55638349
17900.00000000 -0.40917331 0.13555782 0.00973744 -0.55446857
18000.00000000 -0.40835732 0.13112971 0.00927798 -0.54876500
18100.00000000 -0.40940396 0.13258335 0.00938904 -0.55137634
18200.00000000 -0.40191744 0.14039119 0.01024670 -0.55255532
18300.00000000 -0.40993651 0.13056815 0.00883476 -0.54933941
18400.00000000 -0.40936515 0.13590248 0.00903405 -0.55430168
18500.00000000 -0.40861828 0.13147752 0.00948549 -0.54958129
18600.00000000 -0.40929945 0.13496415 0.00955641 -0.55382001
18700.00000000 -0.40882767 0.13045564 0.00940564 -0.54868895
18800.00000000 -0.40805859 0.13261631 0.00930103 -0.54997593
18900.00000000 -0.40756059 0.12757714 0.00792555 -0.54306328
19000.00000000 -0.40273430 0.12969019 0.00744297 -0.53986746
19100.00000000 -0.40499801 0.13972120 0.00763524 -0.55235445
19200.00000000 -0.40512951 0.13249494 0.00895133 -0.54657578
19300.00000000 -0.40885365 0.13680272 0.00875909 -0.55441546
19400.00000000 -0.41023023 0.13210760 0.00927657 -0.55161440
19500.00000000 -0.40948414 0.12977409 0.00888986 -0.54814810
19600.00000000 -0.41009091 0.13439398 0.00977781 -0.55426270
19700.00000000 -0.40817112 0.13617851 0.00935124 -0.55370086
19800.00000000 -0.41000637 0.12994640 0.00901019 -0.54896295
19900.00000000 -0.40929799 0.13177082 0.00953411 -0.55060291
20000.00000000 -0.41011842 0.13207310 0.00960730 -0.55179882
