100.00000000 -0.13516386 0.00194937 0.00002868 -0.13714190
200.00000000 -0.19303867 0.00891060 0.00006174 -0.20201100
300.00000000 -0.24238701 0.01893328 0.00010372 -0.26142401
400.00000000 -0.27351957 0.03840699 0.00014805 -0.31207460
500.00000000 -0.28969647 0.06002367 0.00018553 -0.34990567
600.00000000 -0.29647584 0.07845480 0.00021193 -0.37514257
700.00000000 -0.29700033 0.08984909 0.00022749 -0.38707691
800.00000000 -0.29704507 0.09513525 0.00023393 -0.39241424
900.00000000 -0.29908987 0.09818109 0.00023751 -0.39750847
1000.00000000 -0.29952640 0.09926093 0.00023804 -0.39902538
1100.00000000 -0.29819035 0.09904914 0.00023805 -0.39747754
1200.00000000 -0.29745545 0.09888826 0.00023956 -0.39658326
1300.00000000 -0.29837151 0.09939513 0.00023905 -0.39800569
1400.00000000 -0.29809455 0.09911934 0.00023829 -0.39745218
1500.00000000 -0.29724971 0.09884240 0.00023804 -0.39633015
1600.00000000 -0.29741934 0.09917773 0.00023855 -0.39683563
1700.00000000 -0.29794553 0.09917500 0.00023875 -0.39735928
1800.00000000 -0.29810095 0.09915898 0.00023880 -0.39749873
1900.00000000 -0.29851868 0.09926596 0.00023866 -0.39802331
2000.00000000 -0.29722540 0.09886757 0.00023867 -0.39633164
2100.00000000 -0.29766609 0.09899215 0.00023911 -0.39689735
2200.00000000 -0.29758453 0.09902322 0.00023989 -0.39684764
2300.00000000 -0.29799142 0.09905333 0.00023854 -0.39728329
2400.00000000 -0.29862244 0.09936109 0.00023868 -0.39822221
2500.00000000 -0.29890072 0.09936184 0.00023955 -0.39850211
2600.00000000 -0.29804012 0.09944265 0.00023971 -0.39772248
2700.00000000 -0.29728233 0.09891393 0.00023962 -0.39643589
2800.00000000 -0.29830702 0.09940575 0.00023957 -0.39795235
2900.00000000 -0.29844036 0.09927984 0.00023894 -0.39795914
3000.00000000 -0.29762635 0.09605353 0.00041909 -0.39409897
3100.00000000 -0.32335838 0.07062080 0.00028588 -0.39426506
3200.00000000 -0.33502238 0.08062451 0.00032251 -0.41596940
3300.00000000 -0.34235343 0.08376283 0.00035909 -0.42647535
3400.00000000 -0.34859752 0.09057062 0.00038953 -0.43955767
3500.00000000 -0.35243748 0.09312885 0.00041881 -0.44598514
3600.00000000 -0.35636871 0.09080864 0.00043225 -0.44760960
3700.00000000 -0.35842415 0.09296306 0.00045894 -0.45184615
3800.00000000 -0.36144979 0.09820840 0.00048610 -0.46014428
3900.00000000 -0.36243095 0.09841116 0.00050514 -0.46134725
4000.00000000 -0.36757550 0.10083295 0.00052132 -0.46892977
4100.00000000 -0.36878456 0.10314172 0.00054839 -0.47247466
4200.00000000 -0.36760300 0.10249306 0.00057001 -0.47066608
4300.00000000 -0.36998437 0.10773101 0.00056844 -0.47828382
4400.00000000 -0.37529517 0.10747787 0.00058731 -0.48336035
4500.00000000 -0.37190803 0.10718507 0.00062466 -0.47971776
4600.00000000 -0.37563751 0.10967968 0.00063700 -0.48595420
4700.00000000 -0.37618201 0.10957291 0.00064265 -0.48639756
4800.00000000 -0.37894113 0.10740942 0.00065433 -0.48700488
4900.00000000 -0.37973295 0.10888898 0.00068193 -0.48930386
5000.00000000 -0.38174234 0.11008496 0.00068832 -0.49251562
5100.00000000 -0.38257097 0.11041003 0.00070373 -0.49368474
5200.00000000 -0.38212510 0.11421409 0.00071670 -0.49705589
5300.00000000 -0.38278696 0.11135857 0.00074457 -0.49489009
5400.00000000 -0.38377359 0.11225353 0.00075285 -0.49677998
5500.00000000 -0.38309239 0.11671953 0.00074777 -0.50055969
5600.00000000 -0.38700615 0.11376955 0.00078719 -0.50156289
5700.00000000 -0.38702245 0.11203363 0.00076833 -0.49982440
5800.00000000 -0.38795064 0.11356147 0.00080930 -0.50232142
5900.00000000 -0.38751990 0.11437168 0.00081799 -0.50270957
6000.00000000 -0.38893523 0.11571369 0.00085051 -0.50549942
6100.00000000 -0.38963311 0.11695931 0.00086728 -0.50745970
6200.00000000 -0.38932736 0.11473004 0.00086189 -0.50491929
6300.00000000 -0.38903831 0.12320293 0.00087405 -0.51311529
6400.00000000 -0.39091252 0.11761656 0.00089793 -0.50942701
6500.00000000 -0.39077875 0.11895974 0.00093270 -0.51067120
6600.00000000 -0.39155804 0.11780187 0.00093250 -0.51029241
6700.00000000 -0.39271419 0.11640217 0.00093727 -0.51005363
6800.00000000 -0.39215190 0.12123476 0.00090671 -0.51429337
6900.00000000 -0.39463635 0.11940555 0.00098462 -0.51502651
7000.00000000 -0.39506682 0.11854279 0.00096063 -0.51457024
7100.00000000 -0.39380244 0.11726486 0.00098410 -0.51205140
7200.00000000 -0.39515505 0.12132011 0.00101850 -0.51749367
7300.00000000 -0.39543674 0.11960751 0.00102641 -0.51607066
7400.00000000 -0.39712334 0.12023910 0.00103435 -0.51839679
7500.00000000 -0.39725813 0.12070572 0.00104664 -0.51901048
7600.00000000 -0.39630934 0.11888295 0.00103967 -0.51623195
7700.00000000 -0.39685141 0.12687901 0.00098847 -0.52471888
7800.00000000 -0.39730295 0.12105359 0.00110426 -0.51946080
7900.00000000 -0.40047861 0.11957439 0.00106505 -0.52111804
8000.00000000 -0.39884216 0.12273603 0.00111520 -0.52269340
8100.00000000 -0.39749905 0.11461447 0.00106459 -0.51317811
8200.00000000 -0.39904199 0.12163324 0.00115837 -0.52183360
8300.00000000 -0.39647209 0.12620568 0.00111455 -0.52379233
8400.00000000 -0.39958804 0.12082671 0.00113012 -0.52154487
8500.00000000 -0.39927765 0.12049858 0.00112176 -0.52089798
8600.00000000 -0.40138584 0.12328457 0.00116349 -0.52583390
8700.00000000 -0.40026201 0.12344761 0.00122604 -0.52493566
8800.00000000 -0.40161090 0.12435137 0.00124064 -0.52720290
8900.00000000 -0.40072094 0.12845212 0.00119604 -0.53036910
9000.00000000 -0.40073130 0.12175951 0.00118308 -0.52367389
9100.00000000 -0.40163814 0.12385090 0.00127923 -0.52676827
9200.00000000 -0.40052141 0.12919797 0.00115058 -0.53086996
9300.00000000 -0.40140673 0.12685721 0.00129079 -0.52955472
9400.00000000 -0.40358106 0.12438224 0.00127754 -0.52924085
9500.00000000 -0.40461137 0.12504645 0.00128051 -0.53093833
9600.00000000 -0.40304612 0.12373464 0.00124314 -0.52802390
9700.00000000 -0.40409552 0.12504256 0.00129772 -0.53043580
9800.00000000 -0.39779412 0.11565306 0.00115066 -0.51459783
9900.00000000 -0.40471200 0.12779199 0.00130234 -0.53380632
10000.00000000 -0.39485333 0.11985293 0.00100863 -0.51571488
10100.00000000 -0.40261610 0.12511656 0.00133504 -0.52906770
10200.00000000 -0.40490070 0.12603816 0.00135845 -0.53229731
10300.00000000 -0.40452442 0.12548645 0.00138606 -0.53139693
10400.00000000 -0.40462984 0.12484187 0.00132833 -0.53080004
10500.00000000 -0.40445084 0.12673579 0.00143982 -0.53262645
10600.00000000 -0.40384785 0.12837215 0.00134409 -0.53356409
10700.00000000 -0.40485973 0.12463959 0.00137088 -0.53087020
10800.00000000 -0.40648481 0.12679580 0.00143117 -0.53471178
10900.00000000 -0.40503765 0.12781136 0.00129682 -0.53414583
11000.00000000 -0.40475828 0.12761533 0.00138390 -0.53375751
11100.00000000 -0.40788461 0.12930077 0.00135569 -0.53854108
11200.00000000 -0.40258792 0.12509580 0.00138922 -0.52907294
11300.00000000 -0.40506091 0.12697713 0.00141042 -0.53344846
11400.00000000 -0.40628755 0.12618537 0.00143204 -0.53390497
11500.00000000 -0.40415395 0.11862011 0.00125300 -0.52402705
11600.00000000 -0.40710722 0.12841490 0.00154083 -0.53706294
11700.00000000 -0.40828863 0.12825491 0.00151671 -0.53806025
11800.00000000 -0.40669390 0.12732187 0.00154174 -0.53555751
11900.00000000 -0.40899551 0.12832126 0.00152168 -0.53883845
12000.00000000 -0.40851107 0.12782653 0.00153275 -0.53787035
12100.00000000 -0.40858148 0.12862866 0.00150082 -0.53871095
12200.00000000 -0.40778392 0.13103291 0.00154779 -0.54036462
12300.00000000 -0.40191796 0.12142978 0.00147330 -0.52482104
12400.00000000 -0.39729071 0.12665652 0.00128849 -0.52523571
12500.00000000 -0.40935828 0.12819393 0.00154987 -0.53910208
12600.00000000 -0.40512759 0.12894435 0.00145755 -0.53552949
12700.00000000 -0.40933209 0.12811442 0.00151717 -0.53896368
12800.00000000 -0.40531494 0.12102801 0.00145785 -0.52780080
12900.00000000 -0.40167366 0.13061744 0.00149663 -0.53378773
13000.00000000 -0.41003314 0.12736261 0.00155416 -0.53894991
13100.00000000 -0.40852872 0.12872507 0.00154193 -0.53879571
13200.00000000 -0.40809930 0.12911490 0.00161650 -0.53883070
13300.00000000 -0.40788447 0.12728427 0.00159075 -0.53675950
13400.00000000 -0.40937848 0.12853719 0.00162110 -0.53953677
13500.00000000 -0.40781465 0.12619075 0.00161594 -0.53562135
13600.00000000 -0.40402870 0.12471227 0.00143668 -0.53017765
13700.00000000 -0.41115406 0.13056390 0.00168942 -0.54340738
13800.00000000 -0.41091444 0.12947574 0.00169702 -0.54208720
13900.00000000 -0.41160221 0.12994827 0.00170443 -0.54325491
14000.00000000 -0.40903368 0.13030751 0.00165816 -0.54099935
14100.00000000 -0.40511180 0.12852758 0.00138168 -0.53502107
14200.00000000 -0.40400923 0.13114066 0.00152270 -0.53667259
14300.00000000 -0.41051886 0.12981637 0.00173325 -0.54206848
14400.00000000 -0.40854435 0.12898163 0.00175943 -0.53928542
14500.00000000 -0.40038729 0.13380219 0.00142334 -0.53561282
14600.00000000 -0.39690206 0.14116712 0.00149441 -0.53956360
14700.00000000 -0.41203825 0.13064958 0.00178105 -0.54446888
14800.00000000 -0.41045387 0.12966150 0.00177960 -0.54189497
14900.00000000 -0.41071031 0.12757495 0.00168693 -0.53997219
15000.00000000 -0.40253303 0.12219547 0.00145159 -0.52618009
15100.00000000 -0.40282041 0.13491668 0.00183402 -0.53957111
15200.00000000 -0.41157125 0.13043806 0.00182388 -0.54383320
15300.00000000 -0.39922034 0.12832583 0.00145822 -0.52900440
15400.00000000 -0.41191618 0.13077652 0.00183148 -0.54452419
15500.00000000 -0.40444224 0.13410684 0.00184248 -0.54039156
15600.00000000 -0.41227573 0.13096972 0.00182174 -0.54506719
15700.00000000 -0.40860394 0.12923506 0.00157928 -0.53941828
15800.00000000 -0.41164251 0.13017912 0.00183424 -0.54365587
15900.00000000 -0.41106082 0.13004489 0.00188259 -0.54298830
16000.00000000 -0.40688604 0.12953219 0.00162367 -0.53804189
16100.00000000 -0.41187115 0.13087003 0.00178373 -0.54452491
16200.00000000 -0.41245592 0.13141346 0.00189966 -0.54576904
16300.00000000 -0.40458952 0.13411881 0.00170863 -0.54041696
16400.00000000 -0.41136662 0.13132548 0.00193103 -0.54462314
16500.00000000 -0.41281283 0.13100639 0.00192353 -0.54574275
16600.00000000 -0.41340293 0.13182557 0.00184439 -0.54707289
16700.00000000 -0.40964845 0.12791255 0.00168240 -0.53924340
16800.00000000 -0.41283691 0.13112333 0.00191155 -0.54587179
16900.00000000 -0.41148357 0.13157961 0.00176893 -0.54483211
17000.00000000 -0.41111032 0.13093591 0.00195190 -0.54399812
17100.00000000 -0.40950763 0.12769020 0.00162631 -0.53882414
17200.00000000 -0.41181560 0.13046151 0.00193457 -0.54421169
17300.00000000 -0.41287924 0.13037845 0.00196774 -0.54522544
17400.00000000 -0.40567381 0.13387994 0.00175024 -0.54130399
17500.00000000 -0.40824229 0.13806033 0.00187140 -0.54817402
17600.00000000 -0.41267212 0.13185380 0.00193059 -0.54645652
17700.00000000 -0.41171077 0.13004683 0.00180958 -0.54356718
17800.00000000 -0.40725291 0.13506304 0.00180842 -0.54412436
17900.00000000 -0.41336768 0.13197312 0.00197128 -0.54731208
18000.00000000 -0.40887423 0.13100097 0.00176747 -0.54164267
18100.00000000 -0.40587269 0.13172394 0.00182463 -0.53942126
18200.00000000 -0.41224272 0.13096720 0.00196950 -0.54517943
18300.00000000 -0.41121669 0.13438123 0.00200288 -0.54760081
18400.00000000 -0.41308115 0.13210243 0.00199582 -0.54717940
18500.00000000 -0.41263234 0.13206691 0.00176651 -0.54646575
18600.00000000 -0.40654563 0.13145152 0.00186650 -0.53986365
18700.00000000 -0.40385832 0.13367952 0.00178120 -0.53931904
18800.00000000 -0.41436617 0.13203844 0.00205742 -0.54846203
18900.00000000 -0.41178706 0.13114129 0.00204717 -0.54497552
19000.00000000 -0.41433096 0.13241482 0.00204021 -0.54878598
19100.00000000 -0.41355452 0.13122816 0.00198557 -0.54676825
19200.00000000 -0.41147760 0.12932147 0.00186016 -0.54265922
19300.00000000 -0.41310762 0.13147733 0.00202225 -0.54660720
19400.00000000 -0.41218266 0.13111800 0.00208548 -0.54538614
19500.00000000 -0.41356091 0.13099819 0.00204201 -0.54660112
19600.00000000 -0.41227230 0.13145562 0.00206991 -0.54579782
19700.00000000 -0.41296302 0.13350095 0.00207585 -0.54853982
19800.00000000 -0.40407982 0.12093552 0.00168801 -0.52670336
19900.00000000 -0.41283510 0.13325731 0.00211672 -0.54820913
20000.00000000 -0.40982861 0.12919997 0.00180925 -0.54083782
