100.00000000 -0.26709327 0.00233582 0.00047960 -0.26990870
200.00000000 -0.39013808 0.01054776 0.00107421 -0.40176004
300.00000000 -0.49919154 0.02496530 0.00184986 -0.52600670
400.00000000 -0.58640965 0.05424054 0.00273814 -0.64338833
500.00000000 -0.63881574 0.09391460 0.00359403 -0.73632437
600.00000000 -0.66964460 0.13648832 0.00432771 -0.81046063
700.00000000 -0.68071709 0.17269374 0.00487447 -0.85828531
800.00000000 -0.68523088 0.19836809 0.00524856 -0.88884753
900.00000000 -0.68726760 0.21372882 0.00545088 -0.90644729
1000.00000000 -0.68775521 0.22092757 0.00551050 -0.91419327
1100.00000000 -0.68827609 0.22495082 0.00555151 -0.91877842
1200.00000000 -0.69494163 0.22852543 0.00556747 -0.92903453
1300.00000000 -0.68900436 0.22716972 0.00558427 -0.92175835
1400.00000000 -0.69040803 0.22786336 0.00558028 -0.92385167
1500.00000000 -0.68862036 0.22752699 0.00560921 -0.92175657
1600.00000000 -0.69078368 0.22794619 0.00558367 -0.92431355
1700.00000000 -0.69164313 0.22928648 0.00558698 -0.92651659
1800.00000000 -0.68540762 0.22641209 0.00561427 -0.91743398
1900.00000000 -0.69130218 0.22793762 0.00558199 -0.92482179
2000.00000000 -0.68469858 0.22657947 0.00560178 -0.91687983
2100.00000000 -0.68962443 0.22742711 0.00560905 -0.92266059
2200.00000000 -0.69004218 0.22774500 0.00558735 -0.92337453
2300.00000000 -0.69527110 0.22946833 0.00559692 -0.93033636
2400.00000000 -0.68860518 0.22730109 0.00560973 -0.92151600
2500.00000000 -0.68545604 0.22621542 0.00559115 -0.91726261
2600.00000000 -0.68629394 0.22652598 0.00560833 -0.91842824
2700.00000000 -0.68998082 0.22826624 0.00560634 -0.92385340
2800.00000000 -0.68804428 0.22842658 0.00560603 -0.92207688
2900.00000000 -0.68876695 0.22716491 0.00561860 -0.92155045
3000.00000000 -0.69470032 0.22760640 0.00563764 -0.92794436
3100.00000000 -0.69426437 0.22856644 0.00558121 -0.92841202
3200.00000000 -0.69080144 0.22791013 0.00559584 -0.92430741
3300.00000000 -0.68662277 0.22664730 0.00559984 -0.91886991
3400.00000000 -0.69023278 0.22782843 0.00559531 -0.92365652
3500.00000000 -0.69036115 0.22788738 0.00561721 -0.92386574
3600.00000000 -0.68641297 0.22656715 0.00559844 -0.91857857
3700.00000000 -0.68876777 0.22738563 0.00561515 -0.92176855
3800.00000000 -0.68963755 0.22769496 0.00560882 -0.92294133
3900.00000000 -0.68859974 0.22799209 0.00562966 -0.92222148
4000.00000000 -0.68933487 0.22769281 0.00560555 -0.92263323
4100.00000000 -0.68913801 0.22722316 0.00561206 -0.92197323
4200.00000000 -0.68761866 0.22677058 0.00559463 -0.91998386
4300.00000000 -0.68978752 0.22758552 0.00560756 -0.92298061
4400.00000000 -0.68810693 0.22708079 0.00561296 -0.92080069
4500.00000000 -0.69165675 0.22824718 0.00560200 -0.92550594
4600.00000000 -0.69206843 0.22821164 0.00560710 -0.92588717
4700.00000000 -0.68935037 0.22749363 0.00560130 -0.92244530
4800.00000000 -0.68960997 0.22753726 0.00561445 -0.92276168
4900.00000000 -0.68930424 0.22840144 0.00560508 -0.92331076
5000.00000000 -0.69042540 0.22769535 0.00561786 -0.92373860
5100.00000000 -0.68958171 0.22727591 0.00561128 -0.92246890
5200.00000000 -0.68643592 0.22650503 0.00559732 -0.91853827
5300.00000000 -0.74510647 0.17568897 0.00639409 -0.92718953
5400.00000000 -0.78518147 0.18027496 0.00773662 -0.97319305
5500.00000000 -0.80222957 0.19648550 0.00887916 -1.00759423
5600.00000000 -0.81697578 0.20200662 0.00954426 -1.02852666
5700.00000000 -0.82621385 0.21701765 0.01040648 -1.05363798
5800.00000000 -0.83327474 0.22334136 0.01108429 -1.06770039
5900.00000000 -0.84403076 0.23093869 0.01139971 -1.08636916
6000.00000000 -0.84785062 0.22495933 0.01183914 -1.08464909
6100.00000000 -0.84984379 0.22803628 0.01225157 -1.09013164
6200.00000000 -0.85425739 0.23427387 0.01298714 -1.10151839
6300.00000000 -0.85852250 0.23985672 0.01342455 -1.11180377
6400.00000000 -0.85774451 0.23578928 0.01380249 -1.10733628
6500.00000000 -0.86878974 0.24458604 0.01398946 -1.12736523
6600.00000000 -0.87165407 0.24207018 0.01429603 -1.12802029
6700.00000000 -0.87141345 0.24508859 0.01482797 -1.13133001
6800.00000000 -0.87106996 0.24467702 0.01513051 -1.13087749
6900.00000000 -0.87450658 0.24635281 0.01543295 -1.13629234
7000.00000000 -0.88099697 0.25471088 0.01585234 -1.15156019
7100.00000000 -0.87924407 0.25214016 0.01602806 -1.14741230
7200.00000000 -0.88299804 0.25567099 0.01653049 -1.15519953
7300.00000000 -0.88057231 0.24759515 0.01652890 -1.14469635
7400.00000000 -0.88558417 0.25898051 0.01721555 -1.16178024
7500.00000000 -0.88459242 0.25394762 0.01744437 -1.15598440
7600.00000000 -0.89444972 0.26224375 0.01764070 -1.17433417
7700.00000000 -0.89330815 0.26259577 0.01817060 -1.17407453
7800.00000000 -0.88702266 0.25744137 0.01834701 -1.16281104
7900.00000000 -0.89235859 0.25761122 0.01838709 -1.16835690
8000.00000000 -0.89639486 0.26890594 0.01904051 -1.18434131
8100.00000000 -0.89411094 0.26619592 0.01919181 -1.17949867
8200.00000000 -0.89770254 0.26493445 0.01918638 -1.18182337
8300.00000000 -0.89636155 0.25760040 0.01920683 -1.17316878
8400.00000000 -0.89797292 0.27057821 0.02042921 -1.18898034
8500.00000000 -0.90469819 0.26625711 0.02031613 -1.19127142
8600.00000000 -0.90239743 0.27234620 0.02038529 -1.19512892
8700.00000000 -0.90039457 0.27168652 0.02081074 -1.19289184
8800.00000000 -0.90527553 0.26940194 0.02064028 -1.19531775
8900.00000000 -0.90599454 0.26864922 0.02106272 -1.19570649
9000.00000000 -0.90495881 0.26779893 0.02118564 -1.19394338
9100.00000000 -0.90668541 0.27026522 0.02164918 -1.19859982
9200.00000000 -0.91303381 0.28114092 0.02210668 -1.21628141
9300.00000000 -0.90932130 0.27374241 0.02212015 -1.20518386
9400.00000000 -0.90431832 0.26808581 0.02247159 -1.19487572
9500.00000000 -0.90773408 0.27192876 0.02276228 -1.20242512
9600.00000000 -0.91132718 0.27180147 0.02276379 -1.20589244
9700.00000000 -0.91682084 0.27669528 0.02301777 -1.21653390
9800.00000000 -0.91294085 0.27468428 0.02302591 -1.21065104
9900.00000000 -0.91105846 0.27361161 0.02358785 -1.20825791
10000.00000000 -0.91703989 0.27603877 0.02373229 -1.21681094
10100.00000000 -0.91302825 0.27219918 0.02375289 -1.20898032
10200.00000000 -0.91332044 0.27365541 0.02393995 -1.21091580
10300.00000000 -0.91386218 0.26932797 0.02379091 -1.20698106
10400.00000000 -0.91778495 0.27531561 0.02415705 -1.21725762
10500.00000000 -0.91562984 0.27767688 0.02465363 -1.21796036
10600.00000000 -0.91759590 0.27512079 0.02487746 -1.21759415
10700.00000000 -0.91646151 0.27664760 0.02475123 -1.21786034
10800.00000000 -0.92032669 0.28137639 0.02527748 -1.22698057
10900.00000000 -0.91762321 0.27688324 0.02552934 -1.22003579
11000.00000000 -0.91534595 0.27894017 0.02589535 -1.22018147
11100.00000000 -0.91414011 0.27204287 0.02570736 -1.21189034
11200.00000000 -0.91706126 0.27836567 0.02511884 -1.22054577
11300.00000000 -0.92208403 0.28506592 0.02655879 -1.23370874
11400.00000000 -0.91843961 0.28593293 0.02726196 -1.23163450
11500.00000000 -0.91978775 0.27667332 0.02646829 -1.22292936
11600.00000000 -0.92179525 0.28242674 0.02677330 -1.23099530
11700.00000000 -0.92163349 0.28108004 0.02704998 -1.22976351
11800.00000000 -0.92255313 0.28184080 0.02738934 -1.23178327
11900.00000000 -0.92038265 0.28385085 0.02738062 -1.23161411
12000.00000000 -0.92108969 0.28347754 0.02798112 -1.23254836
12100.00000000 -0.92145354 0.28691819 0.02823057 -1.23660231
12200.00000000 -0.92563199 0.28320828 0.02772091 -1.23656118
12300.00000000 -0.91736870 0.27644223 0.02824081 -1.22205174
12400.00000000 -0.92165047 0.28137732 0.02815050 -1.23117828
12500.00000000 -0.92332440 0.28163028 0.02768976 -1.23264444
12600.00000000 -0.92354999 0.28258276 0.02871671 -1.23484945
12700.00000000 -0.92377798 0.28038168 0.02832611 -1.23248577
12800.00000000 -0.92230015 0.28444821 0.02870477 -1.23545313
12900.00000000 -0.92292523 0.28494000 0.02929485 -1.23716009
13000.00000000 -0.92671303 0.28802884 0.02913042 -1.24387228
13100.00000000 -0.92312176 0.28512385 0.02932252 -1.23756814
13200.00000000 -0.92547492 0.28692356 0.02959543 -1.24199390
13300.00000000 -0.92706612 0.28930932 0.02999953 -1.24637496
13400.00000000 -0.92281991 0.29152748 0.03101788 -1.24536526
13500.00000000 -0.92016620 0.29271269 0.03054792 -1.24342680
13600.00000000 -0.92315517 0.28848198 0.03052197 -1.24215913
13700.00000000 -0.92502102 0.28387028 0.02997324 -1.23886454
13800.00000000 -0.92424774 0.28743002 0.02996496 -1.24164271
13900.00000000 -0.92555012 0.28510374 0.03047375 -1.24112761
14000.00000000 -0.92659244 0.28778458 0.03106216 -1.24543917
14100.00000000 -0.92616652 0.29161018 0.03077014 -1.24854684
14200.00000000 -0.92624610 0.28862336 0.03016523 -1.24503469
14300.00000000 -0.92527704 0.28370580 0.03044413 -1.23942697
14400.00000000 -0.92480503 0.28737324 0.03119620 -1.24337447
14500.00000000 -0.92684213 0.28978959 0.03128939 -1.24792111
14600.00000000 -0.92497532 0.28681147 0.03189118 -1.24367797
14700.00000000 -0.93184162 0.28861979 0.03116556 -1.25162697
14800.00000000 -0.93317325 0.28951243 0.03126349 -1.25394917
14900.00000000 -0.92784919 0.28913119 0.03152867 -1.24850905
15000.00000000 -0.92556991 0.28741631 0.03166248 -1.24464869
15100.00000000 -0.92644010 0.28522807 0.03137846 -1.24304664
15200.00000000 -0.92640312 0.28954524 0.03235041 -1.24829876
15300.00000000 -0.92391426 0.28752080 0.03206708 -1.24350214
15400.00000000 -0.92887309 0.30180660 0.03056294 -1.26124263
15500.00000000 -0.92529531 0.28803998 0.03272830 -1.24606359
15600.00000000 -0.92886030 0.28947300 0.03259690 -1.25093019
15700.00000000 -0.93279760 0.28952163 0.03211833 -1.25443757
15800.00000000 -0.93005415 0.28717995 0.03203015 -1.24926424
15900.00000000 -0.92606344 0.28881162 0.03307954 -1.24795461
16000.00000000 -0.92706732 0.29244083 0.03317787 -1.25268602
16100.00000000 -0.93054033 0.29076570 0.03272848 -1.25403452
16200.00000000 -0.92824909 0.28856465 0.03307456 -1.24988830
16300.00000000 -0.93410556 0.29374161 0.03314738 -1.26099455
16400.00000000 -0.93173368 0.28801906 0.03194909 -1.25170183
16500.00000000 -0.92632394 0.28562599 0.03234853 -1.24429846
16600.00000000 -0.93025583 0.29104811 0.03335929 -1.25466323
16700.00000000 -0.93453240 0.29205886 0.03309772 -1.25968897
16800.00000000 -0.92846259 0.29013765 0.03372326 -1.25232351
16900.00000000 -0.92957676 0.28736305 0.03296482 -1.24990463
17000.00000000 -0.93177384 0.29123312 0.03324020 -1.25624716
17100.00000000 -0.93396183 0.29240340 0.03326187 -1.25962710
17200.00000000 -0.92936067 0.28909555 0.03370290 -1.25215912
17300.00000000 -0.93108208 0.28942847 0.03321891 -1.25372946
17400.00000000 -0.92215510 0.29676870 0.03007878 -1.24900258
17500.00000000 -0.92972166 0.29097021 0.03432267 -1.25501454
17600.00000000 -0.93204232 0.29150569 0.03379742 -1.25734544
17700.00000000 -0.93067374 0.29197484 0.03447477 -1.25712335
17800.00000000 -0.92296176 0.28714672 0.03114478 -1.24125326
17900.00000000 -0.93120794 0.29067850 0.03281530 -1.25470173
18000.00000000 -0.92902160 0.29029420 0.03401586 -1.25333166
18100.00000000 -0.93077789 0.29122514 0.03420194 -1.25620496
18200.00000000 -0.93336112 0.29208511 0.03430974 -1.25975597
18300.00000000 -0.93049479 0.29080674 0.03499308 -1.25629461
18400.00000000 -0.92926411 0.29317436 0.03447317 -1.25691164
18500.00000000 -0.92920049 0.28793484 0.03458641 -1.25172174
18600.00000000 -0.93280825 0.29259002 0.03487995 -1.26027822
18700.00000000 -0.93590563 0.29325473 0.03432364 -1.26348400
18800.00000000 -0.93116970 0.29204127 0.03521617 -1.25842714
18900.00000000 -0.93075189 0.29143426 0.03479058 -1.25697672
19000.00000000 -0.93241719 0.29233539 0.03518399 -1.25993657
19100.00000000 -0.92976694 0.29117018 0.03471376 -1.25565088
19200.00000000 -0.93358899 0.29288563 0.03494635 -1.26142097
19300.00000000 -0.93082058 0.29172835 0.03493539 -1.25748432
19400.00000000 -0.93234905 0.29231644 0.03509454 -1.25976002
19500.00000000 -0.93088621 0.29241413 0.03543139 -1.25873172
19600.00000000 -0.93142259 0.29185498 0.03501976 -1.25829732
19700.00000000 -0.93511643 0.29343483 0.03509404 -1.26364529
19800.00000000 -0.93308163 0.29248896 0.03501674 -1.26058733
19900.00000000 -0.93442294 0.29113388 0.03473130 -1.26028812
20000.00000000 -0.93158228 0.29238772 0.03471749 -1.25868750
